Start Date,End Data,Response Type,Progress,Duration (in seconds),Finished,Recorded Date,Response ID,Distribution Channel,User Language,Consent_1,Consent_2,Consent_3,Consent_4,Consent_5,ProlificID,COMP_111,COMP_112,Incorrect_11,COMP_121,COM_122,Incorrect_12,ASOCIAL_1,ASOCIAL_2,ASOCIAL_3,ASOCIAL_4,ASOCIAL_5,ASOCIAL_6,ASOCIAL_7,ASOCIAL_8,ASOCIAL_9,ASOCIAL_10,ASOCIAL_11,Sum_risk,Threshold,Zero Count,Intransitive,COMP_211,COMP_212,Incorrect_21,COMP_221,COMP_222,Incorrect_22,SOCIAL_1,SOCIAL_2,SOCIAL_3,SOCIAL_4,SOCIAL_5,SOCIAL_6,SOCIAL_7,SOCIAL_8,SOCIAL_9,SOCIAL_10,SOCIAL_11,Sum_risk,Threshold,Zero Count,Intransitive,Real,Similar,resp,Age,Gender,Country_home,City_home
43991.56558,43991.57166,IP Address,100,524,TRUE,43991.57166,R_1Lnd6pOygKQ7h6X,anonymous,EN,Yes,Yes,Yes,Yes,Yes,56a62dbf168892000c6ffdf1,£0.50 ,,0,I might get £0.55 but I might also get £0.00.,,0,0,0,0,0,0,0,0,0,1,0,1,2,9,10,1,£0.50 ,,0,I get £0.55 if my partner also chooses Option B. But I will get £0.00 if I choose this option and my partner does not.,,0,0,1,1,1,1,1,1,1,1,1,1,10,2,2,0,2,4,56a62dbf168892000c6ffdf1,45,Female,Yes,Yes
43990.54653,43990.54957,IP Address,100,262,TRUE,43990.54958,R_Z9PwfmgaAhERS7L,anonymous,EN,Yes,Yes,Yes,Yes,Yes,56d8985d4a9be1000a53e9f2,£0.50 ,,0,I might get £0.55 but I might also get £0.00.,,0,0,0,0,0,0,0,0,0,1,1,1,3,9,9,0,£0.50 ,,0,I get £0.55 if my partner also chooses Option B. But I will get £0.00 if I choose this option and my partner does not.,,0,0,0,1,1,1,1,1,1,1,1,1,9,3,3,0,5,3,56d8985d4a9be1000a53e9f2,33,Male,Yes,No
43991.46979,43991.47311,IP Address,100,287,TRUE,43991.47313,R_1ojWG2Uw90QIbM5,anonymous,EN,Yes,Yes,Yes,Yes,Yes,56f4182edc03a8000b98adc7,£0.50 ,,0,I might get £0.55 but I might also get £0.00.,,0,0,0,0,0,0,0,1,1,1,1,1,5,7,7,0,£0.50 ,,0,I get £0.55 if my partner also chooses Option B. But I will get £0.00 if I choose this option and my partner does not.,,0,0,1,1,1,1,1,1,1,1,1,1,10,2,2,0,4,4,56f4182edc03a8000b98adc7,31,Female,Yes,Yes
43990.95492,43990.95738,IP Address,100,213,TRUE,43990.95739,R_21amtAQjXz5314D,anonymous,EN,Yes,Yes,Yes,Yes,Yes,56ffd10b18705800099d0416,£0.50 ,,0,I might get £0.55 but I might also get £0.00.,,0,0,0,0,0,0,0,0,0,0,0,0,0,0,12,0,£0.50 ,,0,I get £0.55 if my partner also chooses Option B. But I will get £0.00 if I choose this option and my partner does not.,,0,0,0,0,0,0,0,0,0,0,0,0,0,0,12,0,1,2,56ffd10b18705800099d0416,27,Non-binary,Yes,Yes
43990.79778,43990.80134,IP Address,100,308,TRUE,43990.80135,R_1mLh9VX72g0plGg,anonymous,EN,Yes,Yes,Yes,Yes,Yes,5730f0a7dd6617000ed945c9,£0.50 ,,0,I might get £0.55 but I might also get £0.00.,,0,0,0,0,0,0,0,0,0,0,0,0,0,0,12,0,£0.50 ,,0,I get £0.55 if my partner also chooses Option B. But I will get £0.00 if I choose this option and my partner does not.,,0,1,1,1,1,1,1,1,1,1,1,1,11,1,1,0,2,2,5730f0a7dd6617000ed945c9,25,Female,Yes,Yes
43990.6759,43990.67906,IP Address,100,273,TRUE,43990.67908,R_Qc5NALRLt87FzkB,anonymous,EN,Yes,Yes,Yes,Yes,Yes,57509aade19ee9000680df04,£0.50 ,,0,I might get £0.55 but I might also get £0.00.,,0,0,0,0,0,0,0,1,1,1,1,1,5,7,7,0,£0.50 ,,0,I get £0.55 if my partner also chooses Option B. But I will get £0.00 if I choose this option and my partner does not.,,0,0,0,0,0,0,0,0,0,0,0,0,0,0,12,0,3,5,57509aade19ee9000680df04,43,Male,Yes,Yes
43990.8786,43990.88221,IP Address,100,311,TRUE,43990.88222,R_3qa5SBO2b0A0jdZ,anonymous,EN,Yes,Yes,Yes,Yes,Yes,575fe5312882b10006354f3b,£0.50 ,,0,I might get £0.55 but I might also get £0.00.,,0,0,1,0,0,0,0,1,1,1,1,1,6,2,6,1,£0.50 ,,0,I get £0.55 if my partner also chooses Option B. But I will get £0.00 if I choose this option and my partner does not.,,0,0,0,0,0,0,0,0,0,0,0,0,0,0,12,0,1,3,575fe5312882b10006354f3b,48,Male,Yes,No
43991.70934,43991.71639,IP Address,100,608,TRUE,43991.7164,R_T17WNkQaMwIeik1,anonymous,EN,Yes,Yes,Yes,Yes,Yes,57b3a754cbe60100013773f2,£0.50 ,,0,I might get £0.55 but I might also get £0.00.,,0,0,0,0,0,0,0,0,0,1,1,1,3,9,9,0,£0.50 ,,0,I get £0.55 if my partner also chooses Option B. But I will get £0.00 if I choose this option and my partner does not.,,0,0,0,0,0,1,1,1,1,1,1,1,7,5,5,0,3,2,57b3a754cbe60100013773f2,27,Female,Yes,Yes
43990.56494,43990.56883,IP Address,100,335,TRUE,43990.56884,R_r6mzHlLaOa7GY4F,anonymous,EN,Yes,Yes,Yes,Yes,Yes,57b5cf728f963300014c8dfb,£0.50 ,,0,I might get £0.55 but I might also get £0.00.,,0,0,0,0,0,1,1,1,1,1,1,1,7,5,5,0,£0.50 ,,0,I get £0.55 if my partner also chooses Option B. But I will get £0.00 if I choose this option and my partner does not.,,0,1,1,1,1,1,1,1,1,1,1,1,11,1,1,0,5,1,57b5cf728f963300014c8dfb,44,Female,No,No
43991.82887,43991.83134,IP Address,100,213,TRUE,43991.83135,R_bOx2hv06UgKybqF,anonymous,EN,Yes,Yes,Yes,Yes,Yes,57ff8b2902781e000125f845,£0.50 ,,0,I might get £0.55 but I might also get £0.00.,,0,0,0,1,0,1,0,0,1,0,1,1,5,3,7,1,£0.50 ,,0,I get £0.55 if my partner also chooses Option B. But I will get £0.00 if I choose this option and my partner does not.,,0,0,1,1,1,1,1,1,1,1,1,1,10,2,2,0,4,1,57ff8b2902781e000125f845,35,Female,Yes,Yes
43990.56002,43990.56208,IP Address,100,177,TRUE,43990.56209,R_2ZBJM14kdwnOnPa,anonymous,EN,Yes,Yes,Yes,Yes,Yes,580241d0279ffd000124e3e3,£0.50 ,,0,I might get £0.55 but I might also get £0.00.,,0,0,0,1,1,1,1,1,1,1,1,1,9,3,3,0,£0.50 ,,0,I get £0.55 if my partner also chooses Option B. But I will get £0.00 if I choose this option and my partner does not.,,0,0,1,1,1,1,1,1,1,1,1,1,10,2,2,0,3,4,580241d0279ffd000124e3e3,33,Female,No,No
43990.66568,43990.67127,IP Address,100,482,TRUE,43990.67128,R_1IAV0NAUNmcq4VT,anonymous,EN,Yes,Yes,Yes,Yes,Yes,5853018801dad300015a70c2,£0.50 ,,0,I might get £0.55 but I might also get £0.00.,,0,0,0,0,0,1,1,1,1,1,1,1,7,5,5,0,£0.50 ,,0,I get £0.55 if my partner also chooses Option B. But I will get £0.00 if I choose this option and my partner does not.,,0,0,0,0,0,0,1,1,1,1,1,1,6,6,6,0,2,1,5853018801dad300015a70c2,44,Male,Yes,Yes
43990.57851,43990.58138,IP Address,100,248,TRUE,43990.58138,R_1IAujzsFNc5WKMa,anonymous,EN,Yes,Yes,Yes,Yes,Yes,58725712327dab000199e1a1,£0.50 ,,0,I might get £0.55 but I might also get £0.00.,,0,0,0,0,0,0,0,0,0,0,0,1,1,11,11,0,£0.50 ,,0,I get £0.55 if my partner also chooses Option B. But I will get £0.00 if I choose this option and my partner does not.,,0,0,0,0,0,0,0,1,1,1,1,1,5,7,7,0,3,2,58725712327dab000199e1a1,29,Male,Yes,Yes
43990.66887,43990.67069,IP Address,100,157,TRUE,43990.6707,R_OCM9BAu86rJp3y1,anonymous,EN,Yes,Yes,Yes,Yes,Yes,58bdfb5397641c0001f200d9,£0.50 ,,0,I might get £0.55 but I might also get £0.00.,,0,0,1,0,0,0,1,0,1,1,1,1,6,2,6,1,£0.50 ,,0,I get £0.55 if my partner also chooses Option B. But I will get £0.00 if I choose this option and my partner does not.,,0,0,1,1,1,1,1,1,1,1,1,1,10,2,2,0,1,4,58bdfb5397641c0001f200d9,40,Female,Yes,Yes
43990.54453,43990.55057,IP Address,100,522,TRUE,43990.55058,R_2TXVPVLejquuejP,anonymous,EN,Yes,Yes,Yes,Yes,Yes,58d11f7947aa1e000104718a,£0.50 ,,0,I might get £0.55 but I might also get £0.00.,,0,1,1,1,1,1,1,1,1,1,1,1,11,1,1,0,£0.50 ,,0,I get £0.55 if my partner also chooses Option B. But I will get £0.00 if I choose this option and my partner does not.,,0,0,0,0,0,0,0,0,0,0,1,1,2,10,10,0,3,2,58d11f7947aa1e000104718a,47,Male,Yes,Yes
43990.67851,43990.68226,IP Address,100,323,TRUE,43990.68226,R_2XnQ2XOypAv2grY,anonymous,EN,Yes,Yes,Yes,Yes,Yes,58e3b3ec3985920001abcffb,£0.50 ,,0,I might get £0.55 but I might also get £0.00.,,0,1,1,1,1,1,1,1,1,1,1,1,11,1,1,0,£0.25 ,£0.50 ,1,I get £0.55 if my partner also chooses Option B. But I will get £0.00 if I choose this option and my partner does not.,,0,0,0,0,0,0,1,1,1,1,1,1,6,6,6,0,3,4,58e3b3ec3985920001abcffb,58,Female,Yes,Yes
43990.57957,43990.58267,IP Address,100,267,TRUE,43990.58268,R_24jab7k7Tk83WXQ,anonymous,EN,Yes,Yes,Yes,Yes,Yes,59024c8c70eeec000180b2b3,£0.50 ,,0,I might get £0.55 but I might also get £0.00.,,0,0,0,1,0,1,0,0,1,0,1,1,5,3,7,1,£0.50 ,,0,I get £0.55 if my partner also chooses Option B. But I will get £0.00 if I choose this option and my partner does not.,,0,0,1,1,1,1,1,1,1,1,1,1,10,2,2,0,5,3,59024c8c70eeec000180b2b3,40,Female,Yes,Yes
43990.60442,43990.60955,IP Address,100,442,TRUE,43990.60956,R_9sHqEVo2Mdpa6UF,anonymous,EN,Yes,Yes,Yes,Yes,Yes,59148b501d55e90001cd04fa,£0.50 ,,0,I might get £0.55 but I might also get £0.00.,,0,0,0,0,0,0,0,0,0,0,0,0,0,0,12,0,£0.50 ,,0,I get £0.55 if my partner also chooses Option B. But I will get £0.00 if I choose this option and my partner does not.,,0,0,1,1,1,1,1,1,1,1,1,1,10,2,2,0,2,3,59148b501d55e90001cd04fa,45,Male,Yes,Yes
43990.64403,43990.64625,IP Address,100,191,TRUE,43990.64625,R_3nMnZxoNnge0Ngk,anonymous,EN,Yes,Yes,Yes,Yes,Yes,592db9a8fa699e0001017538,£0.50 ,,0,I might get £0.55 but I might also get £0.00.,,0,0,0,0,0,1,1,1,1,1,1,1,7,5,5,0,£0.50 ,,0,I get £0.55 if my partner also chooses Option B. But I will get £0.00 if I choose this option and my partner does not.,,0,0,0,0,1,1,1,1,1,1,1,1,8,4,4,0,5,3,592db9a8fa699e0001017538,26,Female,Yes,Yes
43990.57586,43990.57873,IP Address,100,248,TRUE,43990.57874,R_3el8mvRzTzJ1x92,anonymous,EN,Yes,Yes,Yes,Yes,Yes,597ba81afd9fe500011672e2,£0.50 ,,0,I might get £0.55 but I might also get £0.00.,,0,0,0,0,0,0,1,1,1,1,1,1,6,6,6,0,£0.50 ,,0,I get £0.55 if my partner also chooses Option B. But I will get £0.00 if I choose this option and my partner does not.,,0,0,0,0,0,0,0,1,1,1,1,1,5,7,7,0,2,3,597ba81afd9fe500011672e2,29,Male,Yes,Yes
43990.55598,43990.55829,IP Address,100,199,TRUE,43990.5583,R_3atlhvFYpSRGKtP,anonymous,EN,Yes,Yes,Yes,Yes,Yes,598d55aa8380cc00012a3a53,£0.50 ,,0,I might get £0.55 but I might also get £0.00.,,0,0,0,0,0,0,0,1,1,1,1,1,5,7,7,0,£0.50 ,,0,I get £0.55 if my partner also chooses Option B. But I will get £0.00 if I choose this option and my partner does not.,,0,0,0,0,0,0,0,0,0,0,0,1,1,11,11,0,3,4,598d55aa8380cc00012a3a53,46,Female,Yes,Yes
43990.57367,43990.57649,IP Address,100,243,TRUE,43990.5765,R_O0xdiLPAGLpcJVv,anonymous,EN,Yes,Yes,Yes,Yes,Yes,59982d15d0bcd10001dd907e,£0.50 ,,0,I might get £0.55 but I might also get £0.00.,,0,0,0,0,0,0,1,1,1,1,1,1,6,6,6,0,£0.50 ,,0,I get £0.55 if my partner also chooses Option B. But I will get £0.00 if I choose this option and my partner does not.,,0,0,0,0,0,0,0,0,0,0,0,0,0,0,12,0,4,4,59982d15d0bcd10001dd907e,38,Female,Yes,No
43990.64731,43990.65179,IP Address,100,386,TRUE,43990.6518,R_1CKkibyenxgLKcF,anonymous,EN,Yes,Yes,Yes,Yes,Yes,59a9954d5ea0f300012814b1,£0.50 ,,0,I might get £0.55 but I might also get £0.00.,,0,0,0,0,0,1,1,1,1,1,1,1,7,5,5,0,£0.50 ,,0,I get £0.55 if my partner also chooses Option B. But I will get £0.00 if I choose this option and my partner does not.,,0,0,0,1,1,1,1,1,1,1,1,1,9,3,3,0,4,2,59a9954d5ea0f300012814b1,25,Male,No,No
43990.59481,43990.59675,IP Address,100,166,TRUE,43990.59675,R_3hni4yy3p1jzaxr,anonymous,EN,Yes,Yes,Yes,Yes,Yes,59b94db57547b100012d6ff9,£0.50 ,,0,I might get £0.55 but I might also get £0.00.,,0,0,0,0,0,0,0,0,0,0,0,0,0,0,12,0,£0.50 ,,0,I get £0.55 if my partner also chooses Option B. But I will get £0.00 if I choose this option and my partner does not.,,0,0,0,0,0,1,1,1,1,1,1,1,7,5,5,0,3,1,59b94db57547b100012d6ff9,33,Female,Yes,Yes
43990.56314,43990.56666,IP Address,100,304,TRUE,43990.56666,R_2S0pLzGgPbeqgYR,anonymous,EN,Yes,Yes,Yes,Yes,Yes,59badaa53a9ab6000111942b,£0.50 ,,0,I might get £0.55 but I might also get £0.00.,,0,0,0,0,0,0,0,0,0,0,0,0,0,0,12,0,£0.50 ,,0,I get £0.55 if my partner also chooses Option B. But I will get £0.00 if I choose this option and my partner does not.,,0,0,0,0,0,0,0,1,1,1,1,1,5,7,7,0,5,3,59badaa53a9ab6000111942b,32,Female,No,No
43991.77609,43991.77992,IP Address,100,330,TRUE,43991.77993,R_vBTm6DwKw586ydj,anonymous,EN,Yes,Yes,Yes,Yes,Yes,59bef2f33c45a10001ccd1cb,£0.50 ,,0,I might get £0.55 but I might also get £0.00.,,0,0,0,0,0,1,1,1,1,1,1,1,7,5,5,0,£0.50 ,,0,I get £0.55 if my partner also chooses Option B. But I will get £0.00 if I choose this option and my partner does not.,,0,0,1,0,1,1,1,1,0,0,1,1,7,2,5,1,5,3,59bef2f33c45a10001ccd1cb,40,Male,Yes,Yes
43990.74567,43990.74845,IP Address,100,239,TRUE,43990.74846,R_2Cqf1ihxMLsP73p,anonymous,EN,Yes,Yes,Yes,Yes,Yes,59d7860ccfaf74000161142b,£0.50 ,,0,I might get £0.55 but I might also get £0.00.,,0,0,0,0,0,0,1,1,1,1,1,1,6,6,6,0,£0.50 ,,0,I get £0.55 if my partner also chooses Option B. But I will get £0.00 if I choose this option and my partner does not.,,0,0,0,0,1,1,1,1,1,1,1,1,8,4,4,0,4,1,59d7860ccfaf74000161142b,35,Female,Yes,Yes
43992.69733,43992.70016,IP Address,100,244,TRUE,43992.70017,R_AEsHP7ABAm9HMfn,anonymous,EN,Yes,Yes,Yes,Yes,Yes,59e367cc5d8c0c00018e958d,£0.50 ,,0,I might get £0.55 but I might also get £0.00.,,0,0,0,0,0,1,1,1,1,1,1,1,7,5,5,0,£0.50 ,,0,I get £0.55 if my partner also chooses Option B. But I will get £0.00 if I choose this option and my partner does not.,,0,0,0,0,0,0,0,1,1,1,1,1,5,7,7,0,4,2,59e367cc5d8c0c00018e958d,20,Female,Yes,Yes
43990.56361,43990.56894,IP Address,100,460,TRUE,43990.56894,R_2dAd4Q61vFlDlKo,anonymous,EN,Yes,Yes,Yes,Yes,Yes,59e493ef24d7bf00012f0f17,£0.50 ,,0,I might get £0.55 but I might also get £0.00.,,0,0,0,0,0,0,0,1,1,1,1,1,5,7,7,0,£0.50 ,,0,I get £0.55 if my partner also chooses Option B. But I will get £0.00 if I choose this option and my partner does not.,,0,0,0,1,1,1,1,1,1,1,1,1,9,3,3,0,4,2,59e493ef24d7bf00012f0f17,30,Female,Yes,Yes
43990.54707,43990.55257,IP Address,100,475,TRUE,43990.55257,R_2wpmM4DClaX9b1n,anonymous,EN,Yes,Yes,Yes,Yes,Yes,59f673018a2d3d00012c1544,£0.50 ,,0,I might get £0.55 but I might also get £0.00.,,0,0,0,0,0,1,1,1,1,1,1,1,7,5,5,0,£0.50 ,,0,I get £0.55 if my partner also chooses Option B. But I will get £0.00 if I choose this option and my partner does not.,,0,0,0,0,1,1,1,1,1,1,1,1,8,4,4,0,4,2,59f673018a2d3d00012c1544,27,Female,No,No
43990.54575,43990.54825,IP Address,100,216,TRUE,43990.54826,R_3Kqyk4NAKGl9Zlv,anonymous,EN,Yes,Yes,Yes,Yes,Yes,5a04983b38ed430001be72ef,£0.50 ,,0,I might get £0.55 but I might also get £0.00.,,0,0,1,1,1,1,1,1,1,1,1,1,10,2,2,0,£0.50 ,,0,I get £0.55 if my partner also chooses Option B. But I will get £0.00 if I choose this option and my partner does not.,,0,0,0,0,0,1,1,1,1,1,1,1,7,5,5,0,5,3,5a04983b38ed430001be72ef,22,Female,Yes,Yes
43990.54637,43990.54891,IP Address,100,220,TRUE,43990.54892,R_0BuI7OClPzK1Lcl,anonymous,EN,Yes,Yes,Yes,Yes,Yes,5a0aa564074b190001251bdd,£0.50 ,,0,I might get £0.55 but I might also get £0.00.,,0,0,0,0,0,0,0,0,1,1,1,1,4,8,8,0,£0.50 ,,0,I get £0.55 if my partner also chooses Option B. But I will get £0.00 if I choose this option and my partner does not.,,0,0,0,0,0,0,0,0,0,1,1,1,3,9,9,0,5,2,5a0aa564074b190001251bdd,21,Female,Yes,Yes
43990.54538,43990.54816,IP Address,100,240,TRUE,43990.54817,R_1Hqr0LKpk3j7CLW,anonymous,EN,Yes,Yes,Yes,Yes,Yes,5a215edcc3e60a0001780c3c,£0.50 ,,0,I might get £0.55 but I might also get £0.00.,,0,0,0,0,0,1,1,1,1,1,1,1,7,5,5,0,£0.50 ,,0,I get £0.55 if my partner also chooses Option B. But I will get £0.00 if I choose this option and my partner does not.,,0,0,0,0,0,0,0,1,1,1,1,1,5,7,7,0,1,3,5a215edcc3e60a0001780c3c,27,Female,Yes,Yes
43990.545,43990.54794,IP Address,100,253,TRUE,43990.54795,R_111q7yk1jG8tmXy,anonymous,EN,Yes,Yes,Yes,Yes,Yes,5a2c51740a1e6b00016952c8,£0.50 ,,0,I might get £0.55 but I might also get £0.00.,,0,0,0,0,0,0,0,0,0,1,1,1,3,9,9,0,£0.50 ,,0,I get £0.55 if my partner also chooses Option B. But I will get £0.00 if I choose this option and my partner does not.,,0,0,0,0,0,0,0,0,0,0,0,1,1,11,11,0,2,3,5a2c51740a1e6b00016952c8,51,Female,Yes,Yes
43990.58057,43990.58302,IP Address,100,211,TRUE,43990.58303,R_3jebNTTU9IhYysZ,anonymous,EN,Yes,Yes,Yes,Yes,Yes,5a38727b50833c0001eeabbc,£0.50 ,,0,I might get £0.55 but I might also get £0.00.,,0,0,0,0,0,0,0,1,1,1,1,1,5,7,7,0,£0.50 ,,0,I get £0.55 if my partner also chooses Option B. But I will get £0.00 if I choose this option and my partner does not.,,0,0,0,0,0,0,0,0,0,0,0,0,0,0,12,0,3,3,5a38727b50833c0001eeabbc,20,Male,Yes,Yes
43990.65844,43990.66351,IP Address,100,437,TRUE,43990.66352,R_surF24kDuNUg3iF,anonymous,EN,Yes,Yes,Yes,Yes,Yes,5a3c20a442e5230001171832,£0.50 ,,0,I might get £0.55 but I might also get £0.00.,,0,0,0,0,0,0,0,0,0,0,0,0,0,0,12,0,£0.50 ,,0,I get £0.55 if my partner also chooses Option B. But I will get £0.00 if I choose this option and my partner does not.,,0,0,0,0,0,0,0,0,0,1,1,1,3,9,9,0,1,1,5a3c20a442e5230001171832,35,Male,Yes,Yes
43992.50513,43992.50823,IP Address,100,267,TRUE,43992.50823,R_3n9rS6PT8eTJb99,anonymous,EN,Yes,Yes,Yes,Yes,Yes,5a4d549d2bc94b000174a09e,£0.50 ,,0,I might get £0.55 but I might also get £0.00.,,0,0,0,0,0,0,1,1,1,1,1,1,6,6,6,0,£0.50 ,,0,I get £0.55 if my partner also chooses Option B. But I will get £0.00 if I choose this option and my partner does not.,,0,0,0,0,0,1,1,1,1,1,1,1,7,5,5,0,3,2,5a4d549d2bc94b000174a09e,30,Female,Yes,No
43990.5628,43990.56617,IP Address,100,290,TRUE,43990.56618,R_2Pj6SGt9urNTjif,anonymous,EN,Yes,Yes,Yes,Yes,Yes,5a554862acc75b000179f87f,£0.50 ,,0,I might get £0.55 but I might also get £0.00.,,0,0,0,0,0,0,0,0,0,0,0,0,0,0,12,0,£0.50 ,,0,I get £0.55 if my partner also chooses Option B. But I will get £0.00 if I choose this option and my partner does not.,,0,0,0,0,0,1,1,1,1,1,1,1,7,5,5,0,2,4,5a554862acc75b000179f87f,38,Male,Yes,Yes
43991.1539,43991.15703,IP Address,100,270,TRUE,43991.15704,R_4ZakqUmrlmJPPuF,anonymous,EN,Yes,Yes,Yes,Yes,Yes,5a5fd26aacc75b00017ab97e,£0.50 ,,0,I might get £0.55 but I might also get £0.00.,,0,0,0,0,0,0,1,1,1,1,1,1,6,6,6,0,£0.50 ,,0,I get £0.55 if my partner also chooses Option B. But I will get £0.00 if I choose this option and my partner does not.,,0,1,1,1,1,1,1,1,1,1,1,1,11,1,1,0,3,2,5a5fd26aacc75b00017ab97e,25,Female,No,No
43990.54693,43990.56325,IP Address,100,1410,TRUE,43990.56326,R_rk8ZXRbA749iqEp,anonymous,EN,Yes,Yes,Yes,Yes,Yes,5a8085cb0f1bce000121f9a8,£0.50 ,,0,I might get £0.55 but I might also get £0.00.,,0,0,0,0,1,1,1,1,1,1,1,1,8,4,4,0,£0.50 ,,0,I get £0.55 if my partner also chooses Option B. But I will get £0.00 if I choose this option and my partner does not.,,0,0,0,0,0,0,0,0,0,1,1,1,3,9,9,0,4,1,5a8085cb0f1bce000121f9a8,23,Male,Yes,No
43990.55258,43990.55737,IP Address,100,413,TRUE,43990.55738,R_1FhQyXySYvh9x8p,anonymous,EN,Yes,Yes,Yes,Yes,Yes,5a8f7b9d1904200001566000,£0.50 ,,0,I might get £0.55 but I might also get £0.00.,,0,0,1,1,1,1,1,1,1,1,1,1,10,2,2,0,£0.50 ,,0,I get £0.55 if my partner also chooses Option B. But I will get £0.00 if I choose this option and my partner does not.,,0,0,1,1,1,1,1,1,1,1,1,1,10,2,2,0,2,2,5a8f7b9d1904200001566000,26,Female,Yes,Yes
43991.72117,43991.72606,IP Address,100,422,TRUE,43991.72607,R_1PZDch3Tm4FtyF8,anonymous,EN,Yes,Yes,Yes,Yes,Yes,5a8fd370eea3d300016ed1de,£0.50 ,,0,I might get £0.55 but I might also get £0.00.,,0,0,0,0,0,0,0,0,0,0,0,1,1,11,11,0,£0.50 ,,0,I get £0.55 if my partner also chooses Option B. But I will get £0.00 if I choose this option and my partner does not.,,0,0,0,0,0,0,0,1,1,1,1,1,5,7,7,0,5,1,5a8fd370eea3d300016ed1de,62,Female,Yes,Yes
43990.56363,43990.57277,IP Address,100,789,TRUE,43990.57278,R_3iXwI5L7bypd21f,anonymous,EN,Yes,Yes,Yes,Yes,Yes,5aa18dc7dbdb470001ef2d72,£0.50 ,,0,I might get £0.55 but I might also get £0.00.,,0,0,0,0,0,0,0,0,1,0,1,0,2,8,10,1,£0.50 ,,0,I get £0.55 if my partner also chooses Option B. But I will get £0.00 if I choose this option and my partner does not.,,0,0,1,1,1,1,1,1,1,1,1,1,10,2,2,0,2,3,5aa18dc7dbdb470001ef2d72,31,Female,Yes,Yes
43990.69703,43990.69921,IP Address,100,189,TRUE,43990.69922,R_10UYF6uxyDpwqQw,anonymous,EN,Yes,Yes,Yes,Yes,Yes,5aa559ee1eda41000136cd9a,£0.50 ,,0,I might get £0.55 but I might also get £0.00.,,0,0,0,0,1,0,1,1,0,1,0,1,5,4,7,1,£0.50 ,,0,I get £0.55 if my partner also chooses Option B. But I will get £0.00 if I choose this option and my partner does not.,,0,0,0,0,1,1,1,1,1,1,1,1,8,4,4,0,2,3,5aa559ee1eda41000136cd9a,37,Male,Yes,Yes
43990.60442,43990.60774,IP Address,100,287,TRUE,43990.60775,R_25MTK7fbeFIdUNR,anonymous,EN,Yes,Yes,Yes,Yes,Yes,5ab378d66db3e700011bd699,£0.50 ,,0,I might get £0.55 but I might also get £0.00.,,0,0,0,0,0,0,0,0,0,1,1,1,3,9,9,0,£0.50 ,,0,I get £0.55 if my partner also chooses Option B. But I will get £0.00 if I choose this option and my partner does not.,,0,1,1,1,1,1,1,1,1,1,1,1,11,1,1,0,4,4,5ab378d66db3e700011bd699,25,Female,Yes,No
43990.66806,43990.6714,IP Address,100,289,TRUE,43990.67141,R_2ZWkhCL2kAc6Cx0,anonymous,EN,Yes,Yes,Yes,Yes,Yes,5ac103511667e40001d83b37,£0.50 ,,0,I might get £0.55 but I might also get £0.00.,,0,0,1,1,1,1,1,1,1,1,1,1,10,2,2,0,£0.50 ,,0,£0.75 ,I get £0.55 if my partner also chooses Option B. But I will get £0.00 if I choose this option and my partner does not.,0,0,0,0,0,0,0,0,0,1,1,4,6,9,9,0,2,1,5ac103511667e40001d83b37,24,Male,Yes,Yes
43990.89297,43990.89633,IP Address,100,290,TRUE,43990.89634,R_2XdshUvpvwCsekN,anonymous,EN,Yes,Yes,Yes,Yes,Yes,5ac143d1f69e940001d958c3,£0.50 ,,0,I might get £0.55 but I might also get £0.00.,,0,0,0,0,1,1,1,1,1,1,1,1,8,4,4,0,£0.50 ,,0,I get £0.55 if my partner also chooses Option B. But I will get £0.00 if I choose this option and my partner does not.,,0,0,0,0,0,0,0,0,0,0,0,0,0,0,12,0,4,3,5ac143d1f69e940001d958c3,43,Male,Yes,Yes
43990.56177,43990.5655,IP Address,100,321,TRUE,43990.5655,R_24qjl1vGD4fxCq6,anonymous,EN,Yes,Yes,Yes,Yes,Yes,5ac6852df69e940001d98f04,£0.50 ,,0,I might get £0.55 but I might also get £0.00.,,0,0,0,0,0,0,0,1,1,1,1,1,5,7,7,0,£0.50 ,,0,I get £0.55 if my partner also chooses Option B. But I will get £0.00 if I choose this option and my partner does not.,,0,0,0,0,0,0,0,0,0,0,0,0,0,0,12,0,2,4,5ac6852df69e940001d98f04,21,Female,No,Yes
43990.54245,43990.54564,IP Address,100,275,TRUE,43990.54565,R_28NdGnbssIRdwGv,anonymous,EN,Yes,Yes,Yes,Yes,Yes,5ac8a74fe1099600016aaaf2,£0.50 ,,0,I might get £0.55 but I might also get £0.00.,,0,0,0,0,0,1,1,1,1,1,1,1,7,5,5,0,£0.50 ,,0,I get £0.55 if my partner also chooses Option B. But I will get £0.00 if I choose this option and my partner does not.,,0,0,1,1,1,1,1,1,1,1,1,1,10,2,2,0,4,3,5ac8a74fe1099600016aaaf2,23,Male,Yes,Yes
43990.67543,43990.67909,IP Address,100,316,TRUE,43990.6791,R_ZgDg0sigiAzLuy5,anonymous,EN,Yes,Yes,Yes,Yes,Yes,5ac94cbe1667e40001d88c70,£0.50 ,,0,I might get £0.55 but I might also get £0.00.,,0,0,0,0,0,1,1,1,1,1,1,1,7,5,5,0,£0.50 ,,0,I get £0.55 if my partner also chooses Option B. But I will get £0.00 if I choose this option and my partner does not.,,0,0,1,1,1,1,1,1,1,1,1,1,10,2,2,0,4,4,5ac94cbe1667e40001d88c70,50,Female,Yes,Yes
43990.66641,43990.67213,IP Address,100,493,TRUE,43990.67214,R_pLtAonVlVM7DgSB,anonymous,EN,Yes,Yes,Yes,Yes,Yes,5acb299d68b65b00018d9182,£0.50 ,,0,I might get £0.55 but I might also get £0.00.,,0,0,1,1,1,1,1,1,1,1,1,1,10,2,2,0,£0.50 ,,0,I get £0.55 if my partner also chooses Option B. But I will get £0.00 if I choose this option and my partner does not.,,0,0,0,0,1,1,1,1,1,1,1,1,8,4,4,0,4,4,5acb299d68b65b00018d9182,25,Male,Yes,Yes
43990.68759,43990.69041,IP Address,100,242,TRUE,43990.69041,R_29t99lhvOZzMAHx,anonymous,EN,Yes,Yes,Yes,Yes,Yes,5ad0422dfb109b0001a30f35,£0.50 ,,0,I might get £0.55 but I might also get £0.00.,,0,0,0,0,0,0,0,1,1,1,1,1,5,7,7,0,£0.50 ,,0,I get £0.55 if my partner also chooses Option B. But I will get £0.00 if I choose this option and my partner does not.,,0,0,0,1,1,1,1,1,1,1,1,1,9,3,3,0,5,3,5ad0422dfb109b0001a30f35,29,Female,Yes,Yes
43990.57457,43990.57667,IP Address,100,181,TRUE,43990.57668,R_3DjAtkzeNSDIKm2,anonymous,EN,Yes,Yes,Yes,Yes,Yes,5ad3a3824d061300011b2164,£0.50 ,,0,I might get £0.55 but I might also get £0.00.,,0,0,1,1,1,1,1,1,1,1,1,1,10,2,2,0,£0.50 ,,0,I get £0.55 if my partner also chooses Option B. But I will get £0.00 if I choose this option and my partner does not.,,0,0,0,0,0,0,0,0,0,0,0,0,0,0,12,0,3,2,5ad3a3824d061300011b2164,40,Female,Yes,Yes
43990.55181,43990.55725,IP Address,100,470,TRUE,43990.55726,R_1JPkopVvaPLzSzL,anonymous,EN,Yes,Yes,Yes,Yes,Yes,5ae3d989030a700001b73578,£0.50 ,,0,I might get £0.55 but I might also get £0.00.,,0,0,0,0,0,0,0,1,1,1,1,1,5,7,7,0,£0.50 ,,0,I get £0.55 if my partner also chooses Option B. But I will get £0.00 if I choose this option and my partner does not.,,0,0,0,0,0,1,1,1,1,1,1,1,7,5,5,0,1,3,5ae3d989030a700001b73578,23,Male,Yes,Yes
43990.67034,43990.67631,IP Address,100,515,TRUE,43990.67631,R_2SugCNg2UeuVgDN,anonymous,EN,Yes,Yes,Yes,Yes,Yes,5ae8d8bbd9f2be0001932433,£0.50 ,,0,I might get £0.55 but I might also get £0.00.,,0,0,0,0,0,0,0,1,1,1,1,1,5,7,7,0,£0.50 ,,0,I get £0.55 if my partner also chooses Option B. But I will get £0.00 if I choose this option and my partner does not.,,0,0,0,0,1,1,1,1,1,1,1,1,8,4,4,0,3,1,5ae8d8bbd9f2be0001932433,35,Male,No,No
43990.55443,43990.55694,IP Address,100,217,TRUE,43990.55696,R_3Gxi52FVidlWo0k,anonymous,EN,Yes,Yes,Yes,Yes,Yes,5aead02c78b0060001e6b394,£0.50 ,,0,I might get £0.55 but I might also get £0.00.,,0,0,1,1,1,1,1,1,1,1,1,1,10,2,2,0,£0.50 ,,0,I get £0.55 if my partner also chooses Option B. But I will get £0.00 if I choose this option and my partner does not.,,0,0,0,0,0,0,0,0,0,0,0,0,0,0,12,0,5,3,5aead02c78b0060001e6b394,26,Female,Yes,No
43990.54731,43990.5494,IP Address,100,180,TRUE,43990.54941,R_2pQvzpfRTRTXHVm,anonymous,EN,Yes,Yes,Yes,Yes,Yes,5aeaef0715a9c300011acf19,£0.50 ,,0,I might get £0.55 but I might also get £0.00.,,0,0,0,0,0,1,1,1,1,1,1,1,7,5,5,0,£0.50 ,,0,I get £0.55 if my partner also chooses Option B. But I will get £0.00 if I choose this option and my partner does not.,,0,0,0,0,1,1,1,1,1,1,1,1,8,4,4,0,4,4,5aeaef0715a9c300011acf19,19,Male,Yes,Yes
43990.54613,43990.54913,IP Address,100,258,TRUE,43990.54914,R_2VBAhqCb1Omkwhb,anonymous,EN,Yes,Yes,Yes,Yes,Yes,5af4647b20299700016d04f0,£0.50 ,,0,I might get £0.55 but I might also get £0.00.,,0,0,0,0,0,0,0,0,0,0,0,0,0,0,12,0,£0.50 ,,0,I get £0.55 if my partner also chooses Option B. But I will get £0.00 if I choose this option and my partner does not.,,0,0,0,0,0,1,1,1,1,1,1,1,7,5,5,0,4,1,5af4647b20299700016d04f0,26,Male,Yes,No
43990.59975,43990.60252,IP Address,100,239,TRUE,43990.60253,R_3pmNSG92cVABqi3,anonymous,EN,Yes,Yes,Yes,Yes,Yes,5af809313aba4900015ef9a4,£0.50 ,,0,I might get £0.55 but I might also get £0.00.,,0,0,0,0,1,0,0,1,1,1,1,1,6,4,6,1,£0.50 ,,0,I get £0.55 if my partner also chooses Option B. But I will get £0.00 if I choose this option and my partner does not.,,0,0,0,0,0,0,0,0,0,1,1,1,3,9,9,0,3,1,5af809313aba4900015ef9a4,44,Male,Yes,Yes
43990.73633,43990.73825,IP Address,100,165,TRUE,43990.73826,R_3PUnEscovwrKKkD,anonymous,EN,Yes,Yes,Yes,Yes,Yes,5b030918c4deeb0001b0148f,£0.50 ,,0,I might get £0.55 but I might also get £0.00.,,0,0,0,0,0,0,0,1,1,1,1,1,5,7,7,0,£0.50 ,,0,I get £0.55 if my partner also chooses Option B. But I will get £0.00 if I choose this option and my partner does not.,,0,0,0,0,0,0,0,0,1,1,1,1,4,8,8,0,2,1,5b030918c4deeb0001b0148f,18,Male,Yes,Yes
43990.66242,43990.66471,IP Address,100,197,TRUE,43990.66472,R_3pu096FPH2GUK7X,anonymous,EN,Yes,Yes,Yes,Yes,Yes,5b0a869f1e55760001b93fa3,£0.50 ,,0,I might get £0.55 but I might also get £0.00.,,0,0,0,0,0,0,0,0,1,1,1,1,4,8,8,0,£0.50 ,,0,I get £0.55 if my partner also chooses Option B. But I will get £0.00 if I choose this option and my partner does not.,,0,0,0,0,0,0,0,0,0,1,1,1,3,9,9,0,2,3,5b0a869f1e55760001b93fa3,36,Male,Yes,Yes
43990.73844,43990.74145,IP Address,100,260,TRUE,43990.74146,R_3g6OxIb3qP4my4M,anonymous,EN,Yes,Yes,Yes,Yes,Yes,5b0ef518d282ff00015bc20a,£0.50 ,,0,I might get £0.55 but I might also get £0.00.,,0,0,0,0,0,0,0,0,0,0,0,0,0,0,12,0,£0.50 ,,0,I get £0.55 if my partner also chooses Option B. But I will get £0.00 if I choose this option and my partner does not.,,0,0,0,0,0,0,0,1,1,1,1,1,5,7,7,0,2,3,5b0ef518d282ff00015bc20a,36,Female,Yes,Yes
43990.84396,43990.84612,IP Address,100,186,TRUE,43990.84613,R_abNA3YA4nz4Fs2J,anonymous,EN,Yes,Yes,Yes,Yes,Yes,5b216d7dc33f820001a2e1ef,£0.50 ,,0,I might get £0.55 but I might also get £0.00.,,0,0,0,0,1,0,0,1,1,1,1,1,6,4,6,1,£0.50 ,,0,I get £0.55 if my partner also chooses Option B. But I will get £0.00 if I choose this option and my partner does not.,,0,0,0,0,0,0,0,0,0,0,0,0,0,0,12,0,4,4,5b216d7dc33f820001a2e1ef,34,Male,Yes,Yes
43990.57828,43990.58171,IP Address,100,297,TRUE,43990.58172,R_1N3yYoGvVcSv7GG,anonymous,EN,Yes,Yes,Yes,Yes,Yes,5b21aefd38b0be0001413e06,£0.50 ,,0,I might get £0.55 but I might also get £0.00.,,0,0,0,0,0,1,1,1,1,1,1,1,7,5,5,0,£0.50 ,,0,I get £0.55 if my partner also chooses Option B. But I will get £0.00 if I choose this option and my partner does not.,,0,1,1,1,1,1,1,1,1,1,1,1,11,1,1,0,1,1,5b21aefd38b0be0001413e06,18,Male,Yes,Yes
43991.40634,43991.40939,IP Address,100,262,TRUE,43991.40939,R_3JfrXkVsmnFN5gQ,anonymous,EN,Yes,Yes,Yes,Yes,Yes,5b2415247f7816000145e224,£0.50 ,,0,I might get £0.55 but I might also get £0.00.,,0,1,1,1,1,1,1,1,1,1,1,1,11,1,1,0,£0.50 ,,0,I get £0.55 if my partner also chooses Option B. But I will get £0.00 if I choose this option and my partner does not.,,0,1,1,1,1,1,1,1,1,1,1,1,11,1,1,0,3,2,5b2415247f7816000145e224,35,Male,Yes,Yes
43991.44502,43991.44691,IP Address,100,162,TRUE,43991.44691,R_2AWqRFmojrPGHGY,anonymous,EN,Yes,Yes,Yes,Yes,Yes,5b277a3f621f180001249984,£0.50 ,,0,I might get £0.55 but I might also get £0.00.,,0,0,0,0,0,0,0,0,0,0,0,0,0,0,12,0,£0.50 ,,0,I get £0.55 if my partner also chooses Option B. But I will get £0.00 if I choose this option and my partner does not.,,0,1,1,1,1,1,1,1,1,1,1,1,11,1,1,0,3,1,5b277a3f621f180001249984,25,Female,Yes,Yes
43990.57352,43990.57734,IP Address,100,329,TRUE,43990.57734,R_25FM0LrhuBFtkoj,anonymous,EN,Yes,Yes,Yes,Yes,Yes,5b28d61252af8f000180ea84,£0.50 ,,0,I might get £0.55 but I might also get £0.00.,,0,0,0,0,1,0,0,1,1,1,1,1,6,4,6,1,£0.50 ,,0,I get £0.55 if my partner also chooses Option B. But I will get £0.00 if I choose this option and my partner does not.,,0,0,1,1,1,1,1,1,1,1,1,1,10,2,2,0,5,1,5b28d61252af8f000180ea84,26,Female,No,Yes
43990.55556,43990.55976,IP Address,100,362,TRUE,43990.55977,R_RwSBNqFnHQVyX9n,anonymous,EN,Yes,Yes,Yes,Yes,Yes,5b36a113fb22f300017f6373,£0.50 ,,0,I might get £0.55 but I might also get £0.00.,,0,0,0,0,0,1,1,1,1,1,1,1,7,5,5,0,£0.50 ,,0,I get £0.55 if my partner also chooses Option B. But I will get £0.20 if I choose this option and my partner does not.,I get £0.55 if my partner also chooses Option B. But I will get £0.20 if I choose this option and my partner does not.,2,0,0,0,0,0,0,0,0,0,0,0,0,0,12,0,3,3,5b36a113fb22f300017f6373,36,Male,Yes,Yes
43990.54527,43990.5473,IP Address,100,175,TRUE,43990.54731,R_3n6kUqcPfL4RhSx,anonymous,EN,Yes,Yes,Yes,Yes,Yes,5b3cb17b6779080001fe88c1,£0.50 ,,0,I might get £0.55 but I might also get £0.00.,,0,0,0,0,0,0,0,1,1,1,1,1,5,7,7,0,£0.50 ,,0,I get £0.55 if my partner also chooses Option B. But I will get £0.00 if I choose this option and my partner does not.,,0,0,0,0,0,0,0,1,1,1,1,1,5,7,7,0,3,1,5b3cb17b6779080001fe88c1,19,Male,Yes,Yes
43991.88976,43991.8922,IP Address,100,210,TRUE,43991.89221,R_2eaRy7R9kHIfTO4,anonymous,EN,Yes,Yes,Yes,Yes,Yes,5b4acec4ff74970001255857,£0.50 ,,0,I might get £0.55 but I might also get £0.00.,,0,0,0,0,1,1,1,1,1,1,1,1,8,4,4,0,£0.50 ,,0,I get £0.55 if my partner also chooses Option B. But I will get £0.00 if I choose this option and my partner does not.,,0,0,0,1,1,1,1,1,1,1,1,1,9,3,3,0,1,4,5b4acec4ff74970001255857,28,Male,Yes,Yes
43990.5477,43990.55405,IP Address,100,549,TRUE,43990.55406,R_12aSAyJB1qaoLWY,anonymous,EN,Yes,Yes,Yes,Yes,Yes,5b55a500ed9028000150f937,£0.50 ,,0,I might get £0.55 but I might also get £0.00.,,0,0,0,0,0,0,0,0,0,0,0,0,0,0,12,0,£0.50 ,,0,I get £0.55 if my partner also chooses Option B. But I will get £0.00 if I choose this option and my partner does not.,,0,0,0,0,1,1,1,1,1,1,1,1,8,4,4,0,2,1,5b55a500ed9028000150f937,51,Female,Yes,No
43990.55389,43990.55981,IP Address,100,511,TRUE,43990.55982,R_1ettRWoD2J6huRN,anonymous,EN,Yes,Yes,Yes,Yes,Yes,5b576109d1b3720001da81f1,£0.50 ,,0,I might get £0.55 but I might also get £0.00.,,0,0,0,0,0,0,0,0,0,0,0,0,0,0,12,0,£0.50 ,,0,I get £0.55 if my partner also chooses Option B. But I will get £0.00 if I choose this option and my partner does not.,,0,0,1,1,1,1,1,1,1,1,1,1,10,2,2,0,4,4,5b576109d1b3720001da81f1,39,Male,Yes,Yes
43990.54628,43990.54983,IP Address,100,305,TRUE,43990.54983,R_3JlboiSMXIxoQYy,anonymous,EN,Yes,Yes,Yes,Yes,Yes,5b5852d6508b8c0001a6b26d,£0.50 ,,0,I might get £0.55 but I might also get £0.00.,,0,0,0,0,0,0,0,0,0,1,1,1,3,9,9,0,£0.50 ,,0,I get £0.55 if my partner also chooses Option B. But I will get £0.00 if I choose this option and my partner does not.,,0,0,1,1,1,1,1,1,1,1,1,1,10,2,2,0,5,2,5b5852d6508b8c0001a6b26d,26,Male,Yes,Yes
43990.65523,43990.65828,IP Address,100,262,TRUE,43990.65828,R_25Km7rYOQfwNLYd,anonymous,EN,Yes,Yes,Yes,Yes,Yes,5b6034ba0ced0a00017ba9b9,£0.50 ,,0,I might get £0.55 but I might also get £0.00.,,0,0,0,0,0,0,0,0,0,1,1,1,3,9,9,0,£0.50 ,,0,I get £0.55 if my partner also chooses Option B. But I will get £0.00 if I choose this option and my partner does not.,,0,0,0,0,0,0,0,0,1,1,1,1,4,8,8,0,5,3,5b6034ba0ced0a00017ba9b9,34,Male,Yes,Yes
43990.69867,43990.70329,IP Address,100,398,TRUE,43990.70329,R_AC0CVE4jgYsWwBb,anonymous,EN,Yes,Yes,Yes,Yes,Yes,5b6b5b2460247f000117767e,£0.50 ,,0,I might get £0.55 but I might also get £0.00.,,0,0,0,0,0,0,0,0,0,0,0,1,1,11,11,0,£0.50 ,,0,I get £0.55 if my partner also chooses Option B. But I will get £0.00 if I choose this option and my partner does not.,,0,0,0,0,0,0,0,0,1,1,1,1,4,8,8,0,4,4,5b6b5b2460247f000117767e,34,Female,Yes,Yes
43990.66369,43990.66796,IP Address,100,368,TRUE,43990.66797,R_qCoTEyA7d9lpxjH,anonymous,EN,Yes,Yes,Yes,Yes,Yes,5b7199eef62da60001c0142b,£0.50 ,,0,I might get £0.55 but I might also get £0.00.,,0,0,0,0,0,0,0,1,1,1,1,1,5,7,7,0,£0.50 ,,0,I get £0.55 if my partner also chooses Option B. But I will get £0.00 if I choose this option and my partner does not.,,0,0,1,1,1,1,1,1,1,1,1,1,10,2,2,0,1,5,5b7199eef62da60001c0142b,36,Male,Yes,Yes
43990.71953,43990.72454,IP Address,100,433,TRUE,43990.72455,R_1ODKpPqf3osb4Xw,anonymous,EN,Yes,Yes,Yes,Yes,Yes,5b76e19d948cc40001da0e50,£0.50 ,,0,I might get £0.55 but I might also get £0.00.,,0,0,0,1,0,1,0,0,1,0,1,1,5,3,7,1,£0.50 ,,0,I get £0.55 if my partner also chooses Option B. But I will get £0.00 if I choose this option and my partner does not.,,0,0,0,0,0,1,1,1,1,1,1,1,7,5,5,0,4,4,5b76e19d948cc40001da0e50,29,Male,Yes,Yes
43990.54564,43990.54919,IP Address,100,306,TRUE,43990.5492,R_2X6w1rVTuNChPep,anonymous,EN,Yes,Yes,Yes,Yes,Yes,5b7ebc73a09ccc0001316a2e,£0.50 ,,0,I might get £0.55 but I might also get £0.00.,,0,0,0,0,0,0,0,1,1,1,1,1,5,7,7,0,£0.50 ,,0,I get £0.55 if my partner also chooses Option B. But I will get £0.00 if I choose this option and my partner does not.,,0,0,1,1,1,1,1,1,1,1,1,1,10,2,2,0,2,1,5b7ebc73a09ccc0001316a2e,19,Male,Yes,Yes
43990.71588,43990.71862,IP Address,100,237,TRUE,43990.71863,R_0Ju0jJPXJcROyc1,anonymous,EN,Yes,Yes,Yes,Yes,Yes,5b82be353c1375000199766e,£0.50 ,,0,I might get £0.55 but I might also get £0.00.,,0,1,1,1,1,1,1,1,1,1,1,1,11,1,1,0,£0.50 ,,0,I get £0.55 if my partner also chooses Option B. But I will get £0.00 if I choose this option and my partner does not.,,0,0,0,0,0,0,0,0,0,0,0,0,0,0,12,0,3,4,5b82be353c1375000199766e,37,Male,Yes,Yes
43990.5525,43990.55624,IP Address,100,323,TRUE,43990.55624,R_1MVWSCXnMWXArHp,anonymous,EN,Yes,Yes,Yes,Yes,Yes,5b84a7ea4f38790001778d53,£0.50 ,,0,I might get £0.55 but I might also get £0.00.,,0,0,0,0,0,0,0,0,0,0,0,0,0,0,12,0,£0.50 ,,0,I get £0.55 if my partner also chooses Option B. But I will get £0.00 if I choose this option and my partner does not.,,0,0,0,0,1,1,0,0,1,1,1,1,6,4,6,1,2,3,5b84a7ea4f38790001778d53,26,Male,No,No
43990.59271,43990.59844,IP Address,100,494,TRUE,43990.59844,R_3KOtMnSdxdm7J7q,anonymous,EN,Yes,Yes,Yes,Yes,Yes,5b85544331eb7b0001efd72e,£0.50 ,,0,I might get £0.55 but I might also get £0.00.,,0,1,1,1,1,1,1,1,1,1,1,1,11,1,1,0,£0.50 ,,0,I get £0.55 if my partner also chooses Option B. But I will get £0.00 if I choose this option and my partner does not.,,0,0,0,0,0,0,0,1,1,1,1,1,5,7,7,0,3,5,5b85544331eb7b0001efd72e,43,Female,No,Yes
43990.54956,43990.55194,IP Address,100,205,TRUE,43990.55195,R_2OHFDcSzICql9PC,anonymous,EN,Yes,Yes,Yes,Yes,Yes,5b87ef985548a50001e57650,£0.50 ,,0,I might get £0.55 but I might also get £0.00.,,0,0,1,1,1,1,1,1,1,1,1,1,10,2,2,0,£0.50 ,,0,I get £0.55 if my partner also chooses Option B. But I will get £0.00 if I choose this option and my partner does not.,,0,1,1,1,1,1,1,1,1,1,1,1,11,1,1,0,2,4,5b87ef985548a50001e57650,20,Male,Yes,Yes
43990.54897,43990.55152,IP Address,100,219,TRUE,43990.55152,R_3j23CQV46397aqd,anonymous,EN,Yes,Yes,Yes,Yes,Yes,5b88005da55bb900018b0393,£0.50 ,,0,I might get £0.55 but I might also get £0.00.,,0,0,0,0,0,0,0,0,1,1,1,1,4,8,8,0,£0.50 ,,0,I get £0.55 if my partner also chooses Option B. But I will get £0.00 if I choose this option and my partner does not.,,0,0,0,0,0,0,1,1,1,1,1,1,6,6,6,0,3,2,5b88005da55bb900018b0393,20,Female,Yes,Yes
43990.56149,43990.56792,IP Address,100,554,TRUE,43990.56792,R_2tAphfFHCXs0r9o,anonymous,EN,Yes,Yes,Yes,Yes,Yes,5b93d1913dca6000012c5fdc,£0.50 ,,0,I might get £0.55 but I might also get £0.00.,,0,0,0,0,1,0,1,1,1,1,1,1,7,4,5,1,£0.50 ,,0,I get £0.55 if my partner also chooses Option B. But I will get £0.00 if I choose this option and my partner does not.,,0,0,0,0,0,1,1,1,1,1,1,1,7,5,5,0,2,1,5b93d1913dca6000012c5fdc,28,Female,Yes,Yes
43990.5509,43990.56682,IP Address,100,1374,TRUE,43990.56682,R_3fqvm1bXMy2Mhn9,anonymous,EN,Yes,Yes,Yes,Yes,Yes,5b94d723839c0a00010f88d9,£0.50 ,,0,I might get £0.55 but I might also get £0.00.,,0,0,0,0,0,0,0,0,0,0,0,0,0,0,12,0,£0.50 ,,0,£0.75 ,I get £0.55 if my partner also chooses Option B. But I will get £0.20 if I choose this option and my partner does not.,2,0,0,0,0,1,1,1,1,1,1,1,7,5,5,0,2,3,5b94d723839c0a00010f88d9,23,Male,No,No
43990.56288,43990.56558,IP Address,100,233,TRUE,43990.56559,R_3HSwzBKk2JaZl2l,anonymous,EN,Yes,Yes,Yes,Yes,Yes,5b9679748ac9020001b1cbf2,£0.50 ,,0,I might get £0.55 but I might also get £0.00.,,0,0,1,1,1,1,1,1,1,1,1,1,10,2,2,0,£0.50 ,,0,I get £0.55 if my partner also chooses Option B. But I will get £0.00 if I choose this option and my partner does not.,,0,0,0,0,0,1,0,1,0,1,1,1,5,5,7,1,4,2,5b9679748ac9020001b1cbf2,48,Male,Yes,Yes
43990.54774,43990.54924,IP Address,100,128,TRUE,43990.54925,R_3MtEsPVosNdbDmB,anonymous,EN,Yes,Yes,Yes,Yes,Yes,5b9ce9e980ebc0000117f24d,£0.50 ,,0,I might get £0.55 but I might also get £0.00.,,0,0,0,0,0,0,0,0,0,0,1,1,2,10,10,0,£0.50 ,,0,I get £0.55 if my partner also chooses Option B. But I will get £0.00 if I choose this option and my partner does not.,,0,0,0,0,0,0,0,1,1,1,1,1,5,7,7,0,4,1,5b9ce9e980ebc0000117f24d,21,Male,Yes,Yes
43991.43368,43991.43595,IP Address,100,196,TRUE,43991.43596,R_3RraDLxknvg03ac,anonymous,EN,Yes,Yes,Yes,Yes,Yes,5b9f8565e1c6f800012a8989,£0.50 ,,0,I might get £0.55 but I might also get £0.00.,,0,0,0,0,0,1,1,1,1,1,1,1,7,5,5,0,£1.00 ,£0.50 ,1,I get £0.55 if my partner also chooses Option B. But I will get £0.00 if I choose this option and my partner does not.,,0,0,0,0,0,0,0,0,0,0,1,1,2,10,10,0,2,2,5b9f8565e1c6f800012a8989,28,Male,Yes,Yes
43990.54789,43990.55174,IP Address,100,331,TRUE,43990.55174,R_3PpZHTxdtCPLi1e,anonymous,EN,Yes,Yes,Yes,Yes,Yes,5ba0cc4dbabc5b00015e42f3,£0.50 ,,0,I might get £0.55 but I might also get £0.00.,,0,0,0,0,0,0,0,0,1,0,1,0,2,8,10,1,£0.50 ,,0,I get £0.55 if my partner also chooses Option B. But I will get £0.00 if I choose this option and my partner does not.,,0,0,0,0,0,0,0,0,0,0,0,0,0,0,12,0,1,2,5ba0cc4dbabc5b00015e42f3,39,Male,Yes,No
43990.58017,43990.58262,IP Address,100,211,TRUE,43990.58263,R_3fSRLt1cgpHH26R,anonymous,EN,Yes,Yes,Yes,Yes,Yes,5ba1018bc4a1ab0001d98e49,£0.50 ,,0,I might get £0.55 but I might also get £0.00.,,0,0,0,0,0,0,1,1,1,1,0,1,5,6,7,1,£0.50 ,,0,I get £0.55 if my partner also chooses Option B. But I will get £0.00 if I choose this option and my partner does not.,,0,0,0,0,0,0,0,0,0,0,1,1,2,10,10,0,4,3,5ba1018bc4a1ab0001d98e49,27,Female,Yes,Yes
43991.22634,43991.22953,IP Address,100,275,TRUE,43991.22954,R_25LuEsl0LHGywys,anonymous,EN,Yes,Yes,Yes,Yes,Yes,5ba68dd877f30d00014fd542,£0.50 ,,0,I might get £0.55 but I might also get £0.00.,,0,0,0,0,0,0,0,1,1,1,1,1,5,7,7,0,£0.50 ,,0,I get £0.55 if my partner also chooses Option B. But I will get £0.00 if I choose this option and my partner does not.,,0,0,0,0,1,1,1,1,1,1,1,1,8,4,4,0,2,3,5ba68dd877f30d00014fd542,40,Female,Yes,No
43990.54675,43990.54999,IP Address,100,280,TRUE,43990.55,R_3QK8yPeDSORJon4,anonymous,EN,Yes,Yes,Yes,Yes,Yes,5ba8a1d2c16a9c0001497a21,£0.50 ,,0,I might get £0.55 but I might also get £0.00.,,0,0,0,0,0,0,0,0,0,0,0,0,0,0,12,0,£0.50 ,,0,I get £0.55 if my partner also chooses Option B. But I will get £0.00 if I choose this option and my partner does not.,,0,1,1,1,1,1,1,1,1,1,1,1,11,1,1,0,1,2,5ba8a1d2c16a9c0001497a21,28,Male,Yes,Yes
43990.54855,43990.55137,IP Address,100,242,TRUE,43990.55138,R_xF48DyS26Tk7HcR,anonymous,EN,Yes,Yes,Yes,Yes,Yes,5ba8d1294a16920001d462a1,£0.50 ,,0,I might get £0.55 but I might also get £0.00.,,0,0,1,0,0,0,0,1,1,1,1,1,6,2,6,1,£0.50 ,,0,I get £0.55 if my partner also chooses Option B. But I will get £0.00 if I choose this option and my partner does not.,,0,0,1,1,1,1,1,1,1,1,1,1,10,2,2,0,5,5,5ba8d1294a16920001d462a1,47,Male,Yes,Yes
43990.54721,43990.55205,IP Address,100,418,TRUE,43990.55206,R_3QXVomrjsC2JAEN,anonymous,EN,Yes,Yes,Yes,Yes,Yes,5baa206e1b4c3400013c2106,£0.50 ,,0,I might get £0.55 but I might also get £0.00.,,0,1,1,1,1,1,1,1,1,1,1,1,11,1,1,0,£0.50 ,,0,I get £0.55 if my partner also chooses Option B. But I will get £0.00 if I choose this option and my partner does not.,,0,0,0,0,0,0,0,0,0,0,0,0,0,0,12,0,5,3,5baa206e1b4c3400013c2106,27,Female,Yes,Yes
43990.55735,43990.56243,IP Address,100,438,TRUE,43990.56244,R_2bHnCbL9x6CiGxE,anonymous,EN,Yes,Yes,Yes,Yes,Yes,5baa3265c0a8c000014bea73,£0.50 ,,0,I might get £0.55 but I might also get £0.00.,,0,1,1,1,1,1,1,1,1,1,1,1,11,1,1,0,£0.50 ,,0,I get £0.55 if my partner also chooses Option B. But I will get £0.00 if I choose this option and my partner does not.,,0,0,0,0,0,1,1,1,1,1,1,1,7,5,5,0,3,3,5baa3265c0a8c000014bea73,27,Male,Yes,No
43990.56961,43990.57513,IP Address,100,477,TRUE,43990.57514,R_AtXfFTtfOJOFsbv,anonymous,EN,Yes,Yes,Yes,Yes,Yes,5baa61b2b7c63c0001837e4a,£0.50 ,,0,I might get £0.55 but I might also get £0.00.,,0,0,0,0,0,1,1,1,1,1,1,1,7,5,5,0,£0.50 ,,0,I get £0.55 if my partner also chooses Option B. But I will get £0.00 if I choose this option and my partner does not.,,0,0,1,1,1,1,1,1,1,1,1,1,10,2,2,0,4,1,5baa61b2b7c63c0001837e4a,49,Female,No,No
43991.59741,43991.60023,IP Address,100,244,TRUE,43991.60024,R_12yXpptFcU0C74O,anonymous,EN,Yes,Yes,Yes,Yes,Yes,5bab002f21db560001c44556,£0.50 ,,0,I might get £0.55 but I might also get £0.00.,,0,0,0,0,0,1,0,1,1,1,1,1,6,5,6,1,£0.50 ,,0,I get £0.55 if my partner also chooses Option B. But I will get £0.00 if I choose this option and my partner does not.,,0,0,0,0,0,1,1,1,1,1,1,1,7,5,5,0,3,3,5bab002f21db560001c44556,32,Female,Yes,Yes
43990.64193,43990.64705,IP Address,100,441,TRUE,43990.64706,R_24tPXwLDsRPq3WJ,anonymous,EN,Yes,Yes,Yes,Yes,Yes,5bae325c21908100017335e0,£0.50 ,,0,I might get £0.55 but I might also get £0.00.,,0,0,0,0,0,0,0,0,0,1,1,1,3,9,9,0,£0.50 ,,0,I get £0.55 if my partner also chooses Option B. But I will get £0.00 if I choose this option and my partner does not.,,0,0,0,0,0,0,0,0,0,1,1,1,3,9,9,0,5,2,5bae325c21908100017335e0,22,Female,Yes,Yes
43990.66319,43990.66598,IP Address,100,240,TRUE,43990.66599,R_2zkeVWG8v6jLuRc,anonymous,EN,Yes,Yes,Yes,Yes,Yes,5bae499686294e0001234c64,£0.50 ,,0,I might get £0.55 but I might also get £0.00.,,0,0,0,0,0,0,0,1,1,1,1,1,5,7,7,0,£0.50 ,,0,I get £0.55 if my partner also chooses Option B. But I will get £0.00 if I choose this option and my partner does not.,,0,0,0,0,0,0,0,1,1,1,1,1,5,7,7,0,2,4,5bae499686294e0001234c64,29,Male,Yes,Yes
43990.68021,43990.68321,IP Address,100,258,TRUE,43990.68321,R_3HRFkdPN6J8SJmV,anonymous,EN,Yes,Yes,Yes,Yes,Yes,5baf689c51dfa8000130f19f,£0.50 ,,0,I might get £0.55 but I might also get £0.00.,,0,0,0,0,0,0,0,0,1,1,1,1,4,8,8,0,£0.50 ,,0,I get £0.55 if my partner also chooses Option B. But I will get £0.00 if I choose this option and my partner does not.,,0,0,0,0,0,0,0,1,1,1,1,1,5,7,7,0,1,4,5baf689c51dfa8000130f19f,30,Male,Yes,Yes
43990.55067,43990.55454,IP Address,100,334,TRUE,43990.55454,R_1nPIZm7OWAxbm5T,anonymous,EN,Yes,Yes,Yes,Yes,Yes,5bb0b9f3f1f9ba00013fc0bb,£0.50 ,,0,I might get £0.55 but I might also get £0.00.,,0,1,1,1,1,1,1,1,1,1,1,1,11,1,1,0,£0.50 ,,0,I get £0.55 if my partner also chooses Option B. But I will get £0.00 if I choose this option and my partner does not.,,0,0,0,1,1,1,1,1,1,1,1,1,9,3,3,0,3,3,5bb0b9f3f1f9ba00013fc0bb,49,Female,Yes,Yes
43990.54351,43990.55117,IP Address,100,662,TRUE,43990.55118,R_WoLuynQVKOXWySR,anonymous,EN,Yes,Yes,Yes,Yes,Yes,5bb20ae1ec73cb00011d60e8,£0.50 ,,0,I might get £0.55 but I might also get £0.00.,,0,0,0,0,0,1,1,1,1,1,1,1,7,5,5,0,£0.50 ,,0,I get £0.55 if my partner also chooses Option B. But I will get £0.00 if I choose this option and my partner does not.,,0,0,1,1,1,1,1,1,1,1,1,1,10,2,2,0,3,2,5bb20ae1ec73cb00011d60e8,29,Male,Yes,Yes
43990.55486,43990.56103,IP Address,100,532,TRUE,43990.56103,R_vlFo9YXE4t0pfaN,anonymous,EN,Yes,Yes,Yes,Yes,Yes,5bb4d2889d9a6c0001d3565e,£0.50 ,,0,I might get £0.55 but I might also get £0.00.,,0,1,1,1,1,1,1,1,1,1,1,1,11,1,1,0,£0.50 ,,0,I get £0.55 if my partner also chooses Option B. But I will get £0.00 if I choose this option and my partner does not.,,0,1,1,1,1,1,1,1,1,1,1,1,11,1,1,0,3,2,5bb4d2889d9a6c0001d3565e,26,Female,Yes,Yes
43990.68259,43990.68443,IP Address,100,158,TRUE,43990.68444,R_2leX1c7rk8bCKjv,anonymous,EN,Yes,Yes,Yes,Yes,Yes,5bb5fc1421e80b000161765b,£0.50 ,,0,I might get £0.55 but I might also get £0.00.,,0,0,1,1,1,1,1,1,1,1,1,1,10,2,2,0,£0.50 ,,0,I get £0.55 if my partner also chooses Option B. But I will get £0.00 if I choose this option and my partner does not.,,0,0,0,0,0,1,1,1,1,1,1,1,7,5,5,0,1,3,5bb5fc1421e80b000161765b,26,Male,Yes,Yes
43990.55059,43990.55248,IP Address,100,163,TRUE,43990.55249,R_TelqT3QvthEpknT,anonymous,EN,Yes,Yes,Yes,Yes,Yes,5bb75de2f1f9ba000140e3a5,£0.50 ,,0,I might get £0.55 but I might also get £0.00.,,0,0,0,0,0,0,0,0,0,0,0,0,0,0,12,0,£0.50 ,,0,I get £0.55 if my partner also chooses Option B. But I will get £0.00 if I choose this option and my partner does not.,,0,0,0,0,0,0,0,0,1,1,1,1,4,8,8,0,4,4,5bb75de2f1f9ba000140e3a5,34,Male,Yes,Yes
43990.54579,43990.54987,IP Address,100,352,TRUE,43990.54988,R_2QyukazX36aS2RD,anonymous,EN,Yes,Yes,Yes,Yes,Yes,5bb8b4ce07378900018ee311,£0.50 ,,0,I might get £0.55 but I might also get £0.00.,,0,0,0,0,1,1,1,1,1,1,1,1,8,4,4,0,£0.50 ,,0,I get £0.55 if my partner also chooses Option B. But I will get £0.00 if I choose this option and my partner does not.,,0,0,0,0,0,0,0,1,1,1,1,1,5,7,7,0,5,2,5bb8b4ce07378900018ee311,20,Female,Yes,No
43990.5905,43990.59414,IP Address,100,315,TRUE,43990.59416,R_1mdQBTJT94rnnFs,anonymous,EN,Yes,Yes,Yes,Yes,Yes,5bbd3bacf732b50001d9099a,£0.50 ,,0,I might get £0.55 but I might also get £0.00.,,0,0,0,0,0,0,0,0,0,0,0,0,0,0,12,0,£0.50 ,,0,I get £0.55 if my partner also chooses Option B. But I will get £0.00 if I choose this option and my partner does not.,,0,0,0,0,0,0,0,0,1,1,1,1,4,8,8,0,5,1,5bbd3bacf732b50001d9099a,31,Female,Yes,Yes
43990.63242,43990.63634,IP Address,100,338,TRUE,43990.63635,R_2YeT6BZg1aaH7bJ,anonymous,EN,Yes,Yes,Yes,Yes,Yes,5bc380f91073f200016ca62d,£0.50 ,,0,I might get £0.55 but I might also get £0.00.,,0,0,0,0,0,1,1,1,1,1,1,1,7,5,5,0,£0.50 ,,0,I get £0.55 if my partner also chooses Option B. But I will get £0.00 if I choose this option and my partner does not.,,0,0,0,0,0,0,0,0,0,0,0,0,0,0,12,0,3,4,5bc380f91073f200016ca62d,49,Male,Yes,Yes
43990.54924,43990.55267,IP Address,100,297,TRUE,43990.55268,R_tYhfXiVzuuCCcwh,anonymous,EN,Yes,Yes,Yes,Yes,Yes,5bc614b295fa2e00014be080,£0.50 ,,0,I might get £0.55 but I might also get £0.00.,,0,1,1,1,1,1,1,1,1,1,1,1,11,1,1,0,£0.50 ,,0,I get £0.55 if my partner also chooses Option B. But I will get £0.00 if I choose this option and my partner does not.,,0,0,0,0,0,0,0,0,0,1,1,1,3,9,9,0,4,1,5bc614b295fa2e00014be080,20,Male,No,Yes
43990.69248,43990.69521,IP Address,100,236,TRUE,43990.69521,R_332POyKdbyXijsf,anonymous,EN,Yes,Yes,Yes,Yes,Yes,5bc74bf6545fac0001c3bea7,£0.50 ,,0,I might get £0.55 but I might also get £0.00.,,0,0,0,0,0,1,1,1,1,1,1,1,7,5,5,0,£0.50 ,,0,I get £0.55 if my partner also chooses Option B. But I will get £0.00 if I choose this option and my partner does not.,,0,0,0,0,0,0,0,0,0,0,0,0,0,0,12,0,4,3,5bc74bf6545fac0001c3bea7,24,Male,Yes,Yes
43990.79477,43990.79772,IP Address,100,255,TRUE,43990.79773,R_yF2kjcp6u4yltTP,anonymous,EN,Yes,Yes,Yes,Yes,Yes,5bc8ab30b569b300016b8051,£0.50 ,,0,I might get £0.55 but I might also get £0.00.,,0,0,0,0,0,0,0,0,0,0,0,0,0,0,12,0,£0.50 ,,0,I get £0.55 if my partner also chooses Option B. But I will get £0.00 if I choose this option and my partner does not.,,0,0,0,0,0,0,1,1,1,1,1,1,6,6,6,0,5,4,5bc8ab30b569b300016b8051,25,Male,Yes,Yes
43990.66696,43990.67002,IP Address,100,265,TRUE,43990.67004,R_1IZfz4qkRDpHK3F,anonymous,EN,Yes,Yes,Yes,Yes,Yes,5bce1cf2ac6b660001908ab8,£0.50 ,,0,I might get £0.55 but I might also get £0.00.,,0,0,0,0,0,0,0,0,0,0,0,0,0,0,12,0,£0.50 ,,0,I get £0.55 if my partner also chooses Option B. But I will get £0.00 if I choose this option and my partner does not.,,0,0,0,0,0,0,0,0,0,0,1,1,2,10,10,0,2,4,5bce1cf2ac6b660001908ab8,19,Male,Yes,Yes
43990.54449,43990.54726,IP Address,100,239,TRUE,43990.54727,R_tSBszC2vhR3asgx,anonymous,EN,Yes,Yes,Yes,Yes,Yes,5bd056f9263e0a00016d20d3,£0.50 ,,0,I might get £0.55 but I might also get £0.00.,,0,0,0,0,0,1,1,1,1,1,1,1,7,5,5,0,£0.50 ,,0,I get £0.55 if my partner also chooses Option B. But I will get £0.00 if I choose this option and my partner does not.,,0,0,0,0,0,1,1,1,1,1,1,1,7,5,5,0,3,3,5bd056f9263e0a00016d20d3,25,Female,Yes,No
43990.7458,43990.74741,IP Address,100,139,TRUE,43990.74742,R_sp8j1Bh7H8lgQeJ,anonymous,EN,Yes,Yes,Yes,Yes,Yes,5bdeefc5b50d08000102e718,£0.50 ,,0,I might get £0.55 but I might also get £0.00.,,0,0,0,0,0,0,0,0,1,1,1,1,4,8,8,0,£0.50 ,,0,I get £0.55 if my partner also chooses Option B. But I will get £0.00 if I choose this option and my partner does not.,,0,0,0,0,0,0,0,0,0,1,1,1,3,9,9,0,2,3,5bdeefc5b50d08000102e718,22,Male,Yes,Yes
43990.54985,43990.55486,IP Address,100,433,TRUE,43990.55487,R_3G7jLXnt50fzT61,anonymous,EN,Yes,Yes,Yes,Yes,Yes,5be064114c6bd000013368f3,£0.50 ,,0,I might get £0.55 but I might also get £0.00.,,0,1,1,1,1,1,1,1,1,1,1,1,11,1,1,0,£0.50 ,,0,I get £0.55 if my partner also chooses Option B. But I will get £0.00 if I choose this option and my partner does not.,,0,0,0,0,0,0,0,0,0,0,0,0,0,0,12,0,4,3,5be064114c6bd000013368f3,65,Female,Yes,Yes
43990.54679,43990.54926,IP Address,100,212,TRUE,43990.54927,R_d6am8SD46kyTJ5v,anonymous,EN,Yes,Yes,Yes,Yes,Yes,5be1c7de91deed00015a97b9,£0.50 ,,0,I might get £0.55 but I might also get £0.00.,,0,0,0,0,0,1,1,1,1,1,1,1,7,5,5,0,£0.50 ,,0,I get £0.55 if my partner also chooses Option B. But I will get £0.00 if I choose this option and my partner does not.,,0,0,0,0,0,0,0,0,1,1,1,1,4,8,8,0,4,3,5be1c7de91deed00015a97b9,23,Male,Yes,Yes
43992.4244,43992.42874,IP Address,100,375,TRUE,43992.42876,R_3PSvXXBXkKIZIK1,anonymous,EN,Yes,Yes,Yes,Yes,Yes,5be1dc34bd1d7c0001d98904,£0.50 ,,0,£0.25 ,I might get £0.55 but I might also get £0.20.,2,0,0,0,0,0,0,0,1,1,1,1,4,8,8,0,£0.50 ,,0,I get £0.55 if my partner also chooses Option B. But I will get £0.00 if I choose this option and my partner does not.,,0,1,1,1,1,1,1,1,1,1,1,1,11,1,1,0,5,5,5be1dc34bd1d7c0001d98904,24,Female,Yes,Yes
43990.55573,43990.5588,IP Address,100,264,TRUE,43990.5588,R_0J7LkVrS9YfOJ2x,anonymous,EN,Yes,Yes,Yes,Yes,Yes,5be3493a7e3c9b0001c4ccf2,£0.50 ,,0,I might get £0.55 but I might also get £0.00.,,0,0,0,0,0,0,0,0,0,1,1,1,3,9,9,0,£0.50 ,,0,I get £0.55 if my partner also chooses Option B. But I will get £0.00 if I choose this option and my partner does not.,,0,0,0,1,1,1,1,1,1,1,1,1,9,3,3,0,5,5,5be3493a7e3c9b0001c4ccf2,25,Male,Yes,No
43991.70644,43991.71043,IP Address,100,345,TRUE,43991.71045,R_2rYgqBoBqfyOUmK,anonymous,EN,Yes,Yes,Yes,Yes,Yes,5be40f1fa67151000150bc9a,£0.50 ,,0,I might get £0.55 but I might also get £0.00.,,0,0,0,0,1,0,1,1,0,1,0,1,5,4,7,1,£0.50 ,,0,I get £0.55 if my partner also chooses Option B. But I will get £0.00 if I choose this option and my partner does not.,,0,0,0,0,0,0,0,0,0,0,0,1,1,11,11,0,2,1,5be40f1fa67151000150bc9a,23,Male,Yes,Yes
43990.62509,43990.62782,IP Address,100,236,TRUE,43990.62784,R_YS28IzmV9Ddob1n,anonymous,EN,Yes,Yes,Yes,Yes,Yes,5bea07369907dd00013bd93d,£0.50 ,,0,I might get £0.55 but I might also get £0.00.,,0,0,0,0,0,0,0,1,1,1,1,1,5,7,7,0,£0.50 ,,0,I get £0.55 if my partner also chooses Option B. But I will get £0.00 if I choose this option and my partner does not.,,0,0,0,0,0,0,0,0,0,0,0,0,0,0,12,0,2,1,5bea07369907dd00013bd93d,41,Female,Yes,Yes
43990.96749,43990.97255,IP Address,100,436,TRUE,43990.97255,R_3iK15xjeu8O1axi,anonymous,EN,Yes,Yes,Yes,Yes,Yes,5bea5fc8e0c6b20001644dce,£0.50 ,,0,I might get £0.55 but I might also get £0.00.,,0,0,0,0,0,0,0,0,0,1,1,1,3,9,9,0,£0.50 ,,0,I get £0.55 if my partner also chooses Option B. But I will get £0.00 if I choose this option and my partner does not.,,0,1,1,1,1,1,1,1,1,1,1,1,11,1,1,0,4,1,5bea5fc8e0c6b20001644dce,27,Female,Yes,Yes
43990.54818,43990.55198,IP Address,100,328,TRUE,43990.55199,R_2OI2Sh2A4VH7S2j,anonymous,EN,Yes,Yes,Yes,Yes,Yes,5beb0d9d7569230001f88b7c,£0.50 ,,0,I might get £0.55 but I might also get £0.00.,,0,0,1,0,1,1,0,1,1,1,1,1,8,2,4,1,£0.50 ,,0,I get £0.55 if my partner also chooses Option B. But I will get £0.00 if I choose this option and my partner does not.,,0,1,1,1,1,1,1,1,1,1,1,1,11,1,1,0,5,4,5beb0d9d7569230001f88b7c,21,Male,Yes,Yes
43992.46769,43992.46953,IP Address,100,159,TRUE,43992.46954,R_3QLR9klTuUHeBSW,anonymous,EN,Yes,Yes,Yes,Yes,Yes,5bec3e5be682080001a17c11,£0.50 ,,0,I might get £0.55 but I might also get £0.00.,,0,0,0,0,0,0,0,0,0,0,0,0,0,0,12,0,£0.50 ,,0,I get £0.55 if my partner also chooses Option B. But I will get £0.00 if I choose this option and my partner does not.,,0,0,0,0,0,0,1,1,1,1,1,1,6,6,6,0,3,1,5bec3e5be682080001a17c11,28,Male,Yes,Yes
43990.56434,43990.56704,IP Address,100,232,TRUE,43990.56704,R_WDPe5wLhXUs7MAN,anonymous,EN,Yes,Yes,Yes,Yes,Yes,5bf199cf77eebb0001f3a7a0,£0.50 ,,0,I might get £0.55 but I might also get £0.00.,,0,0,0,0,0,0,0,0,0,0,0,0,0,0,12,0,£0.50 ,,0,I get £0.55 if my partner also chooses Option B. But I will get £0.00 if I choose this option and my partner does not.,,0,0,0,0,1,1,1,1,1,1,1,1,8,4,4,0,3,4,5bf199cf77eebb0001f3a7a0,41,Male,Yes,Yes
43990.5611,43990.56714,IP Address,100,521,TRUE,43990.56715,R_2QiCSWW1ZUmPC42,anonymous,EN,Yes,Yes,Yes,Yes,Yes,5bf300a7ac0f0d000180a247,£0.50 ,,0,I might get £0.55 but I might also get £0.00.,,0,0,0,0,0,0,0,0,1,1,1,1,4,8,8,0,£0.50 ,,0,I get £0.55 if my partner also chooses Option B. But I will get £0.00 if I choose this option and my partner does not.,,0,0,0,0,0,0,0,0,1,1,1,1,4,8,8,0,4,5,5bf300a7ac0f0d000180a247,27,Female,Yes,Yes
43992.59519,43992.59855,IP Address,100,290,TRUE,43992.59856,R_2zwfj9vD3mCd8mK,anonymous,EN,Yes,Yes,Yes,Yes,Yes,5bf461a20d079d00012a85a7,£0.50 ,,0,I might get £0.55 but I might also get £0.00.,,0,0,0,0,0,0,0,1,1,1,1,1,5,7,7,0,£0.50 ,,0,I get £0.55 if my partner also chooses Option B. But I will get £0.00 if I choose this option and my partner does not.,,0,0,0,1,1,1,1,1,1,1,1,1,9,3,3,0,4,2,5bf461a20d079d00012a85a7,33,Male,Yes,Yes
43990.70383,43990.70641,IP Address,100,222,TRUE,43990.70642,R_1HhFxuNkrgbEqqC,anonymous,EN,Yes,Yes,Yes,Yes,Yes,5bf5c23687c899000140046e,£0.50 ,,0,I might get £0.55 but I might also get £0.00.,,0,0,0,0,0,1,1,1,1,1,1,1,7,5,5,0,£0.50 ,,0,I get £0.55 if my partner also chooses Option B. But I will get £0.00 if I choose this option and my partner does not.,,0,0,0,0,0,0,0,0,0,0,0,0,0,0,12,0,4,4,5bf5c23687c899000140046e,21,Male,Yes,Yes
43990.55058,43990.55508,IP Address,100,388,TRUE,43990.55509,R_1OWikY4cTneXqnM,anonymous,EN,Yes,Yes,Yes,Yes,Yes,5bf9c6dc3fdfb0000131b532,£0.50 ,,0,I might get £0.55 but I might also get £0.00.,,0,0,0,0,0,0,0,0,0,1,0,1,2,9,10,1,£0.50 ,,0,I get £0.55 if my partner also chooses Option B. But I will get £0.00 if I choose this option and my partner does not.,,0,0,1,1,1,1,1,1,1,1,1,0,9,2,3,1,5,3,5bf9c6dc3fdfb0000131b532,22,Female,No,Yes
43990.66418,43990.66627,IP Address,100,180,TRUE,43990.66628,R_1OOKjLzPuDCu8kT,anonymous,EN,Yes,Yes,Yes,Yes,Yes,5bfe8eadf0d754000185f459,£0.50 ,,0,I might get £0.55 but I might also get £0.00.,,0,0,0,0,0,0,0,1,1,1,1,1,5,7,7,0,£0.50 ,,0,I get £0.55 if my partner also chooses Option B. But I will get £0.00 if I choose this option and my partner does not.,,0,0,1,1,1,1,1,1,1,1,1,1,10,2,2,0,5,3,5bfe8eadf0d754000185f459,21,Male,Yes,Yes
43990.55038,43990.55618,IP Address,100,500,TRUE,43990.55618,R_2QsaxEm4JFG5mg8,anonymous,EN,Yes,Yes,Yes,Yes,Yes,5bfed7a3b919cd00015e717d,£0.50 ,,0,I might get £0.55 but I might also get £0.00.,,0,0,0,0,0,0,0,0,0,0,0,0,0,0,12,0,£0.50 ,,0,I get £0.55 if my partner also chooses Option B. But I will get £0.00 if I choose this option and my partner does not.,,0,1,1,1,1,1,1,1,1,1,1,1,11,1,1,0,2,2,5bfed7a3b919cd00015e717d,23,Male,No,Yes
43990.54352,43990.55326,IP Address,100,842,TRUE,43990.55327,R_2Bn6WPgLpGNrKxE,anonymous,EN,Yes,Yes,Yes,Yes,Yes,5c005cee5b01360001fca3d9,£0.50 ,,0,I might get £0.55 but I might also get £0.00.,,0,0,0,0,1,1,0,1,0,0,1,0,4,4,8,1,£0.50 ,,0,I get £0.55 if my partner also chooses Option B. But I will get £0.00 if I choose this option and my partner does not.,,0,1,1,1,1,1,1,1,1,1,1,1,11,1,1,0,3,5,5c005cee5b01360001fca3d9,20,Male,Yes,Yes
43990.56448,43990.56681,IP Address,100,200,TRUE,43990.56682,R_6XuSI1k48I2HlIJ,anonymous,EN,Yes,Yes,Yes,Yes,Yes,5c03f6560155600001d7c515,£0.50 ,,0,I might get £0.55 but I might also get £0.00.,,0,0,0,0,0,0,0,1,1,1,1,1,5,7,7,0,£0.50 ,,0,I get £0.55 if my partner also chooses Option B. But I will get £0.00 if I choose this option and my partner does not.,,0,0,0,0,0,0,0,1,1,1,1,1,5,7,7,0,1,1,5c03f6560155600001d7c515,23,Male,Yes,Yes
43990.5933,43990.59574,IP Address,100,210,TRUE,43990.59575,R_2tte3f1x3BoqZ4w,anonymous,EN,Yes,Yes,Yes,Yes,Yes,5c05510b891bb4000121a227,£0.50 ,,0,I might get £0.55 but I might also get £0.00.,,0,0,0,0,0,0,0,0,0,0,0,0,0,0,12,0,£0.50 ,,0,I get £0.55 if my partner also chooses Option B. But I will get £0.00 if I choose this option and my partner does not.,,0,0,0,0,0,1,1,1,1,1,1,1,7,5,5,0,3,3,5c05510b891bb4000121a227,38,Female,Yes,Yes
43990.54594,43990.54983,IP Address,100,336,TRUE,43990.54984,R_1LilvwtqqJLKqfj,anonymous,EN,Yes,Yes,Yes,Yes,Yes,5c06d2bfb1ab3b00019ebb96,£0.50 ,,0,I might get £0.55 but I might also get £0.00.,,0,0,0,0,0,0,0,1,1,1,1,1,5,7,7,0,£0.50 ,,0,I get £0.55 if my partner also chooses Option B. But I will get £0.00 if I choose this option and my partner does not.,,0,0,1,1,1,1,1,1,1,1,1,1,10,2,2,0,1,3,5c06d2bfb1ab3b00019ebb96,28,Male,Yes,Yes
43990.56899,43990.57209,IP Address,100,267,TRUE,43990.5721,R_2aKUYwjZAT0FOVA,anonymous,EN,Yes,Yes,Yes,Yes,Yes,5c097d961907db0001601f67,£0.50 ,,0,I might get £0.55 but I might also get £0.00.,,0,0,0,0,0,0,0,1,0,0,1,1,3,7,9,1,£0.50 ,,0,I get £0.55 if my partner also chooses Option B. But I will get £0.00 if I choose this option and my partner does not.,,0,0,0,1,1,1,1,1,1,1,1,1,9,3,3,0,5,3,5c097d961907db0001601f67,24,Female,Yes,Yes
43990.67993,43990.68399,IP Address,100,351,TRUE,43990.68401,R_1hTmHjNEEVQXf55,anonymous,EN,Yes,Yes,Yes,Yes,Yes,5c0a4b3cd26cd500010383fe,£0.50 ,,0,I might get £0.55 but I might also get £0.00.,,0,0,0,0,0,0,1,1,1,1,1,1,6,6,6,0,£0.50 ,,0,I get £0.55 if my partner also chooses Option B. But I will get £0.00 if I choose this option and my partner does not.,,0,0,0,0,0,1,1,1,1,1,1,1,7,5,5,0,1,1,5c0a4b3cd26cd500010383fe,43,Male,Yes,Yes
43990.54902,43990.55243,IP Address,100,295,TRUE,43990.55244,R_1Ug5aS40gHV0AvL,anonymous,EN,Yes,Yes,Yes,Yes,Yes,5c0afb04402028000193a1b9,£0.50 ,,0,I might get £0.55 but I might also get £0.00.,,0,0,0,0,0,1,1,1,1,1,1,1,7,5,5,0,£0.50 ,,0,I get £0.55 if my partner also chooses Option B. But I will get £0.00 if I choose this option and my partner does not.,,0,0,1,1,1,1,1,1,1,1,1,1,10,2,2,0,3,4,5c0afb04402028000193a1b9,19,Male,Yes,Yes
43990.62959,43990.63264,IP Address,100,262,TRUE,43990.63265,R_2ZWiU7KiXFBLdIW,anonymous,EN,Yes,Yes,Yes,Yes,Yes,5c0bc3fc11d18f000198dc22,£0.50 ,,0,I might get £0.55 but I might also get £0.00.,,0,0,0,0,0,0,0,1,1,1,1,1,5,7,7,0,£0.50 ,,0,I get £0.55 if my partner also chooses Option B. But I will get £0.00 if I choose this option and my partner does not.,,0,0,0,0,0,0,0,0,0,1,1,1,3,9,9,0,5,5,5c0bc3fc11d18f000198dc22,21,Female,Yes,Yes
43990.54485,43990.54766,IP Address,100,243,TRUE,43990.54767,R_2V886qiTIb2fbKr,anonymous,EN,Yes,Yes,Yes,Yes,Yes,5c0d839f58685200014f619b,£0.50 ,,0,I might get £0.55 but I might also get £0.00.,,0,0,0,0,0,0,0,0,0,0,0,0,0,0,12,0,£0.50 ,,0,I get £0.55 if my partner also chooses Option B. But I will get £0.00 if I choose this option and my partner does not.,,0,1,1,1,1,1,1,1,1,1,1,1,11,1,1,0,5,4,5c0d839f58685200014f619b,25,Male,Yes,Yes
43990.54638,43990.55061,IP Address,100,365,TRUE,43990.55062,R_3mlR6mN4Y0sSCPw,anonymous,EN,Yes,Yes,Yes,Yes,Yes,5c0ed000fd0c0a0001f881ea,£0.50 ,,0,I might get £0.55 but I might also get £0.00.,,0,0,0,0,0,0,0,0,0,1,1,1,3,9,9,0,£0.50 ,,0,I get £0.55 if my partner also chooses Option B. But I will get £0.00 if I choose this option and my partner does not.,,0,0,1,1,1,1,1,1,1,1,1,1,10,2,2,0,4,1,5c0ed000fd0c0a0001f881ea,42,Female,Yes,Yes
43990.5427,43990.54563,IP Address,100,252,TRUE,43990.54563,R_2pMORvg20nklW7H,anonymous,EN,Yes,Yes,Yes,Yes,Yes,5c13a8c1e32f86000165caa1,£0.50 ,,0,I might get £0.55 but I might also get £0.00.,,0,0,1,1,1,1,1,1,1,1,1,1,10,2,2,0,£0.50 ,,0,I get £0.55 if my partner also chooses Option B. But I will get £0.00 if I choose this option and my partner does not.,,0,0,1,1,1,1,1,1,1,1,1,1,10,2,2,0,2,1,5c13a8c1e32f86000165caa1,25,Male,Yes,Yes
43990.5473,43990.55022,IP Address,100,252,TRUE,43990.55024,R_5701uhXSluL0Fyx,anonymous,EN,Yes,Yes,Yes,Yes,Yes,5c1b7fbebdb7e80001834945,£0.50 ,,0,I might get £0.55 but I might also get £0.00.,,0,0,0,0,0,0,1,1,1,1,1,1,6,6,6,0,£0.50 ,,0,I get £0.55 if my partner also chooses Option B. But I will get £0.00 if I choose this option and my partner does not.,,0,1,1,1,1,1,1,1,1,1,1,1,11,1,1,0,5,3,5c1b7fbebdb7e80001834945,26,Male,Yes,No
43990.57154,43990.57426,IP Address,100,234,TRUE,43990.57426,R_BXibYKq1ZbqkNq1,anonymous,EN,Yes,Yes,Yes,Yes,Yes,5c1bfe962c45d40001470dd2,£0.50 ,,0,I might get £0.55 but I might also get £0.00.,,0,0,0,0,0,0,0,0,0,1,1,1,3,9,9,0,£0.50 ,,0,I get £0.55 if my partner also chooses Option B. But I will get £0.00 if I choose this option and my partner does not.,,0,0,0,0,0,0,0,0,0,0,0,1,1,11,11,0,4,3,5c1bfe962c45d40001470dd2,20,Male,No,No
43990.946,43990.95014,IP Address,100,358,TRUE,43990.95015,R_vAAiTQDDwb7s0QF,anonymous,EN,Yes,Yes,Yes,Yes,Yes,5c1c4173ac3a86000146e65a,£0.50 ,,0,I might get £0.55 but I might also get £0.00.,,0,0,1,1,1,1,0,1,1,0,0,0,6,2,6,1,£0.50 ,,0,I get £0.55 if my partner also chooses Option B. But I will get £0.00 if I choose this option and my partner does not.,,0,0,1,1,1,1,1,1,1,1,1,0,9,2,3,1,4,2,5c1c4173ac3a86000146e65a,43,Male,Yes,Yes
43990.54766,43990.551,IP Address,100,287,TRUE,43990.55101,R_e2tt9Q9MsbyvolP,anonymous,EN,Yes,Yes,Yes,Yes,Yes,5c1cd3ceaaf132000142713d,£0.50 ,,0,I might get £0.55 but I might also get £0.00.,,0,0,0,0,0,0,0,0,0,1,1,1,3,9,9,0,£0.50 ,,0,I get £0.55 if my partner also chooses Option B. But I will get £0.00 if I choose this option and my partner does not.,,0,1,1,1,1,1,1,1,1,1,1,1,11,1,1,0,1,5,5c1cd3ceaaf132000142713d,39,Male,Yes,Yes
43990.55012,43990.55417,IP Address,100,349,TRUE,43990.55417,R_3hznjm04tDxWRjk,anonymous,EN,Yes,Yes,Yes,Yes,Yes,5c1cfb57e2d9150001b5975b,£0.50 ,,0,I might get £0.55 but I might also get £0.00.,,0,0,0,0,0,0,0,0,0,1,1,1,3,9,9,0,£0.50 ,,0,I get £0.55 if my partner also chooses Option B. But I will get £0.00 if I choose this option and my partner does not.,,0,0,0,0,0,0,0,0,0,0,0,0,0,0,12,0,5,3,5c1cfb57e2d9150001b5975b,20,Male,Yes,Yes
43990.65334,43990.65563,IP Address,100,196,TRUE,43990.65564,R_3qwJL50sSzYrSV9,anonymous,EN,Yes,Yes,Yes,Yes,Yes,5c1fa4312c45d40001479abf,£1.00 ,£0.50 ,1,I might get £0.55 but I might also get £0.00.,,0,1,1,1,1,1,1,1,1,1,1,1,11,1,1,0,£0.50 ,,0,I get £0.55 if my partner also chooses Option B. But I will get £0.00 if I choose this option and my partner does not.,,0,0,0,0,0,0,0,1,1,1,1,1,5,7,7,0,2,3,5c1fa4312c45d40001479abf,24,Male,Yes,Yes
43990.54236,43990.54505,IP Address,100,231,TRUE,43990.54505,R_1Opl0xojXFj3PZ6,anonymous,EN,Yes,Yes,Yes,Yes,Yes,5c1fea2d29d54a0001f3e932,£0.50 ,,0,I might get £0.55 but I might also get £0.00.,,0,0,0,0,0,0,0,0,0,1,1,1,3,9,9,0,£0.50 ,,0,I get £0.55 if my partner also chooses Option B. But I will get £0.00 if I choose this option and my partner does not.,,0,0,0,0,0,1,1,1,1,1,1,1,7,5,5,0,4,4,5c1fea2d29d54a0001f3e932,20,Male,Yes,Yes
43990.61752,43990.61936,IP Address,100,159,TRUE,43990.61937,R_3m1xFGGERraHG3s,anonymous,EN,Yes,Yes,Yes,Yes,Yes,5c229ba17dba990001f763ce,£0.50 ,,0,I might get £0.55 but I might also get £0.00.,,0,1,1,1,1,1,1,1,1,1,1,1,11,1,1,0,£0.50 ,,0,I get £0.55 if my partner also chooses Option B. But I will get £0.00 if I choose this option and my partner does not.,,0,1,1,1,1,1,1,1,1,1,1,1,11,1,1,0,3,3,5c229ba17dba990001f763ce,23,Male,Yes,Yes
43990.60031,43990.60293,IP Address,100,226,TRUE,43990.60294,R_3Rq2cSDHd61kc3Q,anonymous,EN,Yes,Yes,Yes,Yes,Yes,5c27f65e7c75ae00010231c2,£0.50 ,,0,I might get £0.55 but I might also get £0.00.,,0,0,0,0,0,1,1,1,1,1,1,1,7,5,5,0,£0.50 ,,0,I get £0.55 if my partner also chooses Option B. But I will get £0.00 if I choose this option and my partner does not.,,0,0,1,1,1,1,1,1,1,1,1,1,10,2,2,0,5,2,5c27f65e7c75ae00010231c2,46,Female,Yes,Yes
43990.60389,43990.60882,IP Address,100,425,TRUE,43990.60883,R_2VEiTgzYQT7ocRj,anonymous,EN,Yes,Yes,Yes,Yes,Yes,5c2a4cf4f4c9ee00010230e9,£0.50 ,,0,I might get £0.55 but I might also get £0.00.,,0,0,0,0,0,0,0,0,0,0,0,0,0,0,12,0,£0.50 ,,0,I get £0.55 if my partner also chooses Option B. But I will get £0.00 if I choose this option and my partner does not.,,0,0,0,0,0,0,0,0,0,0,0,0,0,0,12,0,3,4,5c2a4cf4f4c9ee00010230e9,22,Female,Yes,Yes
43990.54801,43990.55753,IP Address,100,822,TRUE,43990.55755,R_Z4XVpz7FqRfrbwd,anonymous,EN,Yes,Yes,Yes,Yes,Yes,5c2c888df42a780001468c5f,£0.50 ,,0,I might get £0.55 but I might also get £0.00.,,0,0,1,0,1,1,0,1,1,1,1,1,8,2,4,1,£0.50 ,,0,I get £0.55 if my partner also chooses Option B. But I will get £0.00 if I choose this option and my partner does not.,,0,0,0,0,0,1,1,1,1,1,1,1,7,5,5,0,3,3,5c2c888df42a780001468c5f,41,Male,Yes,Yes
43990.63774,43990.63999,IP Address,100,194,TRUE,43990.64,R_2zOSd1recQw4Ouh,anonymous,EN,Yes,Yes,Yes,Yes,Yes,5c2cfd833b9bae0001135324,£0.50 ,,0,I might get £0.55 but I might also get £0.00.,,0,1,1,1,1,1,1,1,1,1,1,1,11,1,1,0,£0.50 ,,0,I get £0.55 if my partner also chooses Option B. But I will get £0.00 if I choose this option and my partner does not.,,0,0,0,0,0,0,0,0,0,1,1,1,3,9,9,0,2,2,5c2cfd833b9bae0001135324,22,Male,Yes,Yes
43990.71375,43990.71653,IP Address,100,239,TRUE,43990.71653,R_1l3sEoRaba5Rjk8,anonymous,EN,Yes,Yes,Yes,Yes,Yes,5c2e15a5da51990001e446e0,£0.50 ,,0,I might get £0.55 but I might also get £0.00.,,0,0,0,0,0,0,1,1,1,1,0,1,5,6,7,1,£0.50 ,,0,I get £0.55 if my partner also chooses Option B. But I will get £0.00 if I choose this option and my partner does not.,,0,0,1,1,1,1,0,0,0,1,1,1,7,2,5,1,4,4,5c2e15a5da51990001e446e0,37,Male,No,Yes
43992.50773,43992.51027,IP Address,100,218,TRUE,43992.51027,R_2qeBuprGTcnLhOU,anonymous,EN,Yes,Yes,Yes,Yes,Yes,5c2e9e4b9396d000016214de,£0.50 ,,0,I might get £0.55 but I might also get £0.00.,,0,0,0,0,0,0,0,1,1,1,1,1,5,7,7,0,£0.50 ,,0,I get £0.55 if my partner also chooses Option B. But I will get £0.00 if I choose this option and my partner does not.,,0,0,0,0,0,1,1,1,1,1,1,1,7,5,5,0,2,3,5c2e9e4b9396d000016214de,33,Female,Yes,Yes
43990.56314,43990.56519,IP Address,100,177,TRUE,43990.56519,R_2dtpM3CcySWW7JS,anonymous,EN,Yes,Yes,Yes,Yes,Yes,5c2f5cf789f035000176431b,£0.50 ,,0,I might get £0.55 but I might also get £0.00.,,0,0,0,0,0,1,1,1,1,1,1,1,7,5,5,0,£0.50 ,,0,I get £0.55 if my partner also chooses Option B. But I will get £0.00 if I choose this option and my partner does not.,,0,1,1,1,1,1,1,1,1,1,1,1,11,1,1,0,4,2,5c2f5cf789f035000176431b,21,Male,Yes,Yes
43990.66928,43990.67216,IP Address,100,249,TRUE,43990.67217,R_1rcEk7Gtqxuo12L,anonymous,EN,Yes,Yes,Yes,Yes,Yes,5c2f9da66ea6880001dc865f,£0.50 ,,0,I might get £0.55 but I might also get £0.00.,,0,0,0,0,0,0,0,0,0,1,1,1,3,9,9,0,£0.50 ,,0,I get £0.55 if my partner also chooses Option B. But I will get £0.00 if I choose this option and my partner does not.,,0,0,0,0,0,0,0,0,1,1,1,1,4,8,8,0,3,3,5c2f9da66ea6880001dc865f,29,Female,No,No
43990.6641,43990.66552,IP Address,100,122,TRUE,43990.66553,R_2WIQTUfNFsXlMKn,anonymous,EN,Yes,Yes,Yes,Yes,Yes,5c38612819ceb400010c29fa,£0.50 ,,0,I might get £0.55 but I might also get £0.00.,,0,1,1,1,1,1,1,1,1,1,1,1,11,1,1,0,£0.50 ,,0,I get £0.55 if my partner also chooses Option B. But I will get £0.00 if I choose this option and my partner does not.,,0,0,0,1,1,1,1,1,1,1,1,1,9,3,3,0,1,3,5c38612819ceb400010c29fa,23,Male,Yes,Yes
43990.66641,43990.67013,IP Address,100,321,TRUE,43990.67014,R_23dATMDaqWzYXtZ,anonymous,EN,Yes,Yes,Yes,Yes,Yes,5c38a25719ceb400010c365d,£0.50 ,,0,I might get £0.55 but I might also get £0.00.,,0,0,0,0,0,0,0,0,0,1,0,1,2,9,10,1,£0.50 ,,0,I get £0.55 if my partner also chooses Option B. But I will get £0.00 if I choose this option and my partner does not.,,0,1,1,1,1,1,1,1,1,1,1,1,11,1,1,0,3,3,5c38a25719ceb400010c365d,26,Male,Yes,No
43990.66637,43990.67086,IP Address,100,387,TRUE,43990.67086,R_290KcagTWu8SKbA,anonymous,EN,Yes,Yes,Yes,Yes,Yes,5c38e98a8698f20001976a5e,£0.50 ,,0,I might get £0.55 but I might also get £0.00.,,0,0,0,0,1,0,0,1,1,1,1,1,6,4,6,1,£0.50 ,,0,I get £0.55 if my partner also chooses Option B. But I will get £0.00 if I choose this option and my partner does not.,,0,0,0,0,0,0,0,0,0,0,0,0,0,0,12,0,5,4,5c38e98a8698f20001976a5e,22,Male,Yes,Yes
43990.84635,43990.84903,IP Address,100,231,TRUE,43990.84904,R_2DM08klzP2kwuPN,anonymous,EN,Yes,Yes,Yes,Yes,Yes,5c3a4af7d1d0f9000166aca3,£0.50 ,,0,I might get £0.55 but I might also get £0.00.,,0,0,0,0,0,0,0,0,0,0,1,0,1,10,11,1,£0.50 ,,0,I get £0.55 if my partner also chooses Option B. But I will get £0.00 if I choose this option and my partner does not.,,0,0,0,0,0,0,0,0,0,0,0,1,1,11,11,0,2,5,5c3a4af7d1d0f9000166aca3,55,Female,Yes,Yes
43990.66479,43990.66701,IP Address,100,191,TRUE,43990.66703,R_w7ZJpokuKK7DIbv,anonymous,EN,Yes,Yes,Yes,Yes,Yes,5c3c6095cbce860001b00bf3,£0.50 ,,0,I might get £0.55 but I might also get £0.00.,,0,0,0,0,0,0,0,0,0,1,1,1,3,9,9,0,£0.50 ,,0,I get £0.55 if my partner also chooses Option B. But I will get £0.00 if I choose this option and my partner does not.,,0,0,0,0,0,0,0,0,1,0,0,1,2,8,10,1,5,3,5c3c6095cbce860001b00bf3,22,Non-binary,Yes,No
43990.8841,43990.886,IP Address,100,164,TRUE,43990.88601,R_1Fza1IGLlRbavPv,anonymous,EN,Yes,Yes,Yes,Yes,Yes,5c3c8f013b5ac50001355ed5,£0.50 ,,0,I might get £0.55 but I might also get £0.00.,,0,0,1,1,1,1,1,1,1,1,1,1,10,2,2,0,£0.50 ,,0,I get £0.55 if my partner also chooses Option B. But I will get £0.00 if I choose this option and my partner does not.,,0,0,0,0,0,0,0,0,1,1,1,1,4,8,8,0,3,3,5c3c8f013b5ac50001355ed5,40,Female,Yes,Yes
43992.14913,43992.1517,IP Address,100,222,TRUE,43992.15172,R_DHq37tMdFWSaAq5,anonymous,EN,Yes,Yes,Yes,Yes,Yes,5c40fe3a72b87000013a5dd8,£0.50 ,,0,I might get £0.55 but I might also get £0.00.,,0,0,0,0,0,0,0,0,0,0,0,1,1,11,11,0,£0.50 ,,0,I get £0.55 if my partner also chooses Option B. But I will get £0.00 if I choose this option and my partner does not.,,0,0,0,0,0,0,0,0,0,0,0,0,0,0,12,0,2,5,5c40fe3a72b87000013a5dd8,22,Male,Yes,Yes
43990.54227,43990.54462,IP Address,100,202,TRUE,43990.54463,R_3ErIGB3fCVJ5OQ9,anonymous,EN,Yes,Yes,Yes,Yes,Yes,5c431559dc3ef30001b09341,£0.50 ,,0,I might get £0.55 but I might also get £0.00.,,0,0,0,0,0,0,1,1,1,1,1,1,6,6,6,0,£0.50 ,,0,I get £0.55 if my partner also chooses Option B. But I will get £0.00 if I choose this option and my partner does not.,,0,0,0,0,1,1,1,1,1,1,1,1,8,4,4,0,4,4,5c431559dc3ef30001b09341,19,Female,No,Yes
43990.55054,43990.55277,IP Address,100,192,TRUE,43990.55278,R_1f12hqbxVPzI1n2,anonymous,EN,Yes,Yes,Yes,Yes,Yes,5c437b9735b63800019b31a8,£0.50 ,,0,I might get £0.55 but I might also get £0.00.,,0,0,0,0,0,0,0,0,0,1,1,1,3,9,9,0,£0.50 ,,0,I get £0.55 if my partner also chooses Option B. But I will get £0.00 if I choose this option and my partner does not.,,0,0,0,0,0,1,0,1,0,0,0,0,2,5,10,1,2,5,5c437b9735b63800019b31a8,33,Male,Yes,Yes
43990.6731,43990.67566,IP Address,100,220,TRUE,43990.67566,R_28OmhDzFdikWIsl,anonymous,EN,Yes,Yes,Yes,Yes,Yes,5c448d68a5487b00011cfe8d,£0.50 ,,0,I might get £0.55 but I might also get £0.00.,,0,0,0,0,0,0,0,0,1,0,1,0,2,8,10,1,£0.50 ,,0,I get £0.55 if my partner also chooses Option B. But I will get £0.00 if I choose this option and my partner does not.,,0,0,0,0,0,0,0,0,0,1,1,1,3,9,9,0,4,4,5c448d68a5487b00011cfe8d,19,Non-binary,Yes,Yes
43990.54593,43990.54905,IP Address,100,270,TRUE,43990.54906,R_1nW81ZfPMdU9Nzn,anonymous,EN,Yes,Yes,Yes,Yes,Yes,5c45ad3793f3690001c46767,£0.50 ,,0,I might get £0.55 but I might also get £0.00.,,0,0,0,0,0,0,0,0,0,1,1,1,3,9,9,0,£0.50 ,,0,I get £0.55 if my partner also chooses Option B. But I will get £0.00 if I choose this option and my partner does not.,,0,0,0,1,1,1,1,1,1,1,1,1,9,3,3,0,5,4,5c45ad3793f3690001c46767,39,Male,Yes,Yes
43990.54552,43990.54747,IP Address,100,167,TRUE,43990.54747,R_TcPRaiHPj4FdrFL,anonymous,EN,Yes,Yes,Yes,Yes,Yes,5c49c9ebe02ead00019b0a5b,£0.50 ,,0,I might get £0.55 but I might also get £0.00.,,0,0,0,0,0,0,0,0,0,0,0,0,0,0,12,0,£0.50 ,,0,I get £0.55 if my partner also chooses Option B. But I will get £0.00 if I choose this option and my partner does not.,,0,0,0,0,0,0,0,0,0,0,0,0,0,0,12,0,2,2,5c49c9ebe02ead00019b0a5b,23,Male,Yes,Yes
43990.54596,43990.54955,IP Address,100,309,TRUE,43990.54956,R_s6gr0pX4oDDsG8F,anonymous,EN,Yes,Yes,Yes,Yes,Yes,5c51dd37c91d1100017760b8,£0.50 ,,0,I might get £0.55 but I might also get £0.00.,,0,0,0,0,0,1,1,1,1,1,1,1,7,5,5,0,£0.50 ,,0,I get £0.55 if my partner also chooses Option B. But I will get £0.00 if I choose this option and my partner does not.,,0,0,0,0,0,0,0,0,0,0,0,0,0,0,12,0,1,2,5c51dd37c91d1100017760b8,34,Male,Yes,Yes
43990.54321,43990.54678,IP Address,100,309,TRUE,43990.54679,R_XB9A2qakJPpJP2x,anonymous,EN,Yes,Yes,Yes,Yes,Yes,5c52ef1f0e69150001ed6813,£0.50 ,,0,I might get £0.55 but I might also get £0.00.,,0,0,0,0,0,0,0,1,0,1,1,1,4,7,8,1,£0.50 ,,0,I get £0.55 if my partner also chooses Option B. But I will get £0.00 if I choose this option and my partner does not.,,0,0,0,0,0,0,0,0,0,0,0,0,0,0,12,0,1,1,5c52ef1f0e69150001ed6813,33,Female,Yes,Yes
43990.54679,43990.5508,IP Address,100,345,TRUE,43990.5508,R_3dXHL8z99YaM6XL,anonymous,EN,Yes,Yes,Yes,Yes,Yes,5c58954591c0ad0001cffb59,£0.50 ,,0,I might get £0.55 but I might also get £0.00.,,0,0,0,0,0,0,0,0,0,0,0,0,0,0,12,0,£0.50 ,,0,I get £0.55 if my partner also chooses Option B. But I will get £0.00 if I choose this option and my partner does not.,,0,0,1,1,1,1,1,1,1,1,1,1,10,2,2,0,4,2,5c58954591c0ad0001cffb59,44,Female,Yes,Yes
43990.54891,43990.55266,IP Address,100,323,TRUE,43990.55267,R_qzrDM6st6Ehwt3P,anonymous,EN,Yes,Yes,Yes,Yes,Yes,5c5a91ad5ed69900019c8058,£0.50 ,,0,I might get £0.55 but I might also get £0.00.,,0,0,0,0,0,1,1,0,1,1,1,1,6,5,6,1,£0.50 ,,0,I get £0.55 if my partner also chooses Option B. But I will get £0.00 if I choose this option and my partner does not.,,0,0,0,0,0,1,1,1,1,1,1,1,7,5,5,0,3,2,5c5a91ad5ed69900019c8058,35,Male,Yes,Yes
43992.3402,43992.34302,IP Address,100,244,TRUE,43992.34303,R_eG9BKOYfgGwU6Ax,anonymous,EN,Yes,Yes,Yes,Yes,Yes,5c5ac9517204f6000144ce23,£0.50 ,,0,I might get £0.55 but I might also get £0.00.,,0,1,1,1,1,1,1,1,1,1,1,1,11,1,1,0,£0.50 ,,0,I get £0.55 if my partner also chooses Option B. But I will get £0.00 if I choose this option and my partner does not.,,0,0,1,1,1,1,1,1,1,1,1,1,10,2,2,0,4,2,5c5ac9517204f6000144ce23,36,Male,Yes,Yes
43990.54926,43990.55302,IP Address,100,324,TRUE,43990.55303,R_1dbhuZu8kdg2Ewf,anonymous,EN,Yes,Yes,Yes,Yes,Yes,5c5c5bde1cae46000117c6ac,£0.50 ,,0,I might get £0.55 but I might also get £0.00.,,0,0,0,1,0,1,0,0,1,0,1,1,5,3,7,1,£0.50 ,,0,I get £0.55 if my partner also chooses Option B. But I will get £0.00 if I choose this option and my partner does not.,,0,0,0,0,0,0,0,1,1,1,1,1,5,7,7,0,5,2,5c5c5bde1cae46000117c6ac,39,Male,Yes,Yes
43990.58069,43990.58277,IP Address,100,179,TRUE,43990.58277,R_2OVghJRnIls7Z9B,anonymous,EN,Yes,Yes,Yes,Yes,Yes,5c5d396e9cf8fb000199cc78,£0.50 ,,0,I might get £0.55 but I might also get £0.00.,,0,0,0,0,0,0,0,0,0,1,1,1,3,9,9,0,£0.50 ,,0,I get £0.55 if my partner also chooses Option B. But I will get £0.00 if I choose this option and my partner does not.,,0,0,1,1,1,1,1,1,1,1,1,1,10,2,2,0,4,5,5c5d396e9cf8fb000199cc78,31,Female,Yes,No
43990.54616,43990.54992,IP Address,100,325,TRUE,43990.54993,R_3HSQYsqJ5dBAICE,anonymous,EN,Yes,Yes,Yes,Yes,Yes,5c5d5eb012433d0001c602d5,£0.50 ,,0,I might get £0.55 but I might also get £0.00.,,0,0,0,0,1,1,0,1,0,0,1,0,4,4,8,1,£0.50 ,,0,I get £0.55 if my partner also chooses Option B. But I will get £0.00 if I choose this option and my partner does not.,,0,0,0,0,1,1,1,1,1,1,1,1,8,4,4,0,4,2,5c5d5eb012433d0001c602d5,28,Female,Yes,Yes
43990.57365,43990.57606,IP Address,100,209,TRUE,43990.57607,R_3pt1Xzj1z2BoKdw,anonymous,EN,Yes,Yes,Yes,Yes,Yes,5c605a39abbcc10001e70c55,£0.50 ,,0,I might get £0.55 but I might also get £0.00.,,0,0,1,1,1,1,1,1,1,1,1,1,10,2,2,0,£0.50 ,,0,I get £0.55 if my partner also chooses Option B. But I will get £0.00 if I choose this option and my partner does not.,,0,0,0,0,0,0,0,0,0,1,1,1,3,9,9,0,2,2,5c605a39abbcc10001e70c55,36,Male,Yes,Yes
43991.55558,43991.55796,IP Address,100,205,TRUE,43991.55797,R_1i2qzkzHp4NbqJD,anonymous,EN,Yes,Yes,Yes,Yes,Yes,5c64059c9dcb0f0001d6cea2,£0.50 ,,0,I might get £0.55 but I might also get £0.00.,,0,0,0,0,0,0,0,0,0,0,0,0,0,0,12,0,£0.50 ,,0,I get £0.55 if my partner also chooses Option B. But I will get £0.00 if I choose this option and my partner does not.,,0,0,0,0,0,1,1,1,1,1,1,1,7,5,5,0,2,4,5c64059c9dcb0f0001d6cea2,37,Male,No,No
43990.59501,43990.59788,IP Address,100,248,TRUE,43990.5979,R_yDOtxj1xgZvYtNL,anonymous,EN,Yes,Yes,Yes,Yes,Yes,5c64117e3d9d6600018f4a8e,£0.50 ,,0,I might get £0.55 but I might also get £0.00.,,0,0,0,0,0,0,0,0,0,0,0,0,0,0,12,0,£0.50 ,,0,I get £0.55 if my partner also chooses Option B. But I will get £0.00 if I choose this option and my partner does not.,,0,0,0,0,0,0,1,1,1,1,1,1,6,6,6,0,3,4,5c64117e3d9d6600018f4a8e,43,Male,Yes,Yes
43990.90267,43990.91183,IP Address,100,790,TRUE,43990.91184,R_2wEMGKimmxsGYBX,anonymous,EN,Yes,Yes,Yes,Yes,Yes,5c64934ba34e1e0001c01e29,£0.50 ,,0,I might get £0.55 but I might also get £0.00.,,0,0,0,0,0,0,0,0,1,1,1,1,4,8,8,0,£0.50 ,,0,I get £0.55 if my partner also chooses Option B. But I will get £0.00 if I choose this option and my partner does not.,,0,0,1,1,1,1,1,1,1,1,1,1,10,2,2,0,5,3,5c64934ba34e1e0001c01e29,25,Female,Yes,Yes
43990.54965,43990.55278,IP Address,100,269,TRUE,43990.55278,R_TpByIQeVjkmAm0p,anonymous,EN,Yes,Yes,Yes,Yes,Yes,5c655e3c42faef0001283e77,£0.50 ,,0,I might get £0.55 but I might also get £0.00.,,0,0,0,0,0,0,0,0,0,0,0,1,1,11,11,0,£0.50 ,,0,I get £0.55 if my partner also chooses Option B. But I will get £0.00 if I choose this option and my partner does not.,,0,0,0,0,0,0,0,0,1,1,1,1,4,8,8,0,4,4,5c655e3c42faef0001283e77,20,Male,Yes,Yes
43990.65277,43990.65531,IP Address,100,220,TRUE,43990.65532,R_XLAxOqS6eSbGQPD,anonymous,EN,Yes,Yes,Yes,Yes,Yes,5c6563e20d80fd0001425671,£0.50 ,,0,I might get £0.55 but I might also get £0.00.,,0,0,0,0,0,0,1,1,1,1,0,1,5,6,7,1,£0.50 ,,0,I get £0.55 if my partner also chooses Option B. But I will get £0.00 if I choose this option and my partner does not.,,0,0,0,0,0,0,0,1,1,1,1,1,5,7,7,0,1,3,5c6563e20d80fd0001425671,34,Female,Yes,Yes
43990.62558,43990.63245,IP Address,100,594,TRUE,43990.63246,R_21vwkZHroKOVTet,anonymous,EN,Yes,Yes,Yes,Yes,Yes,5c67d3988555e400015c7f56,£0.50 ,,0,I might get £0.55 but I might also get £0.00.,,0,0,0,0,0,0,1,0,1,0,1,0,3,6,9,1,£0.50 ,,0,I get £0.55 if my partner also chooses Option B. But I will get £0.00 if I choose this option and my partner does not.,,0,0,0,0,0,0,0,1,1,1,1,1,5,7,7,0,1,3,5c67d3988555e400015c7f56,58,Female,Yes,Yes
43991.39512,43991.39847,IP Address,100,289,TRUE,43991.39848,R_DCXSiKKIKneXp9T,anonymous,EN,Yes,Yes,Yes,Yes,Yes,5c699cdc707a740001032fd5,£0.50 ,,0,I might get £0.55 but I might also get £0.00.,,0,0,0,0,0,0,0,1,1,1,1,1,5,7,7,0,£0.50 ,,0,I get £0.55 if my partner also chooses Option B. But I will get £0.00 if I choose this option and my partner does not.,,0,0,0,0,1,1,0,0,1,1,1,1,6,4,6,1,4,3,5c699cdc707a740001032fd5,28,Male,Yes,Yes
43990.66528,43990.66918,IP Address,100,336,TRUE,43990.66919,R_32WppomFqdl7Q4s,anonymous,EN,Yes,Yes,Yes,Yes,Yes,5c6d7f0054a5ae000164a2e5,£0.50 ,,0,I might get £0.55 but I might also get £0.00.,,0,0,0,0,0,0,0,0,0,1,1,1,3,9,9,0,£0.50 ,,0,I get £0.55 if my partner also chooses Option B. But I will get £0.00 if I choose this option and my partner does not.,,0,0,0,0,0,1,1,1,1,1,1,1,7,5,5,0,4,3,5c6d7f0054a5ae000164a2e5,22,Female,Yes,Yes
43991.37527,43991.37881,IP Address,100,305,TRUE,43991.37882,R_3h9DJA4JmDFe2eZ,anonymous,EN,Yes,Yes,Yes,Yes,Yes,5c6da8211218960001b5d95a,£0.50 ,,0,I might get £0.55 but I might also get £0.00.,,0,0,0,0,0,0,1,1,1,1,1,1,6,6,6,0,£0.50 ,,0,I get £0.55 if my partner also chooses Option B. But I will get £0.00 if I choose this option and my partner does not.,,0,0,0,0,0,0,0,1,1,1,1,1,5,7,7,0,4,5,5c6da8211218960001b5d95a,23,Female,Yes,No
43990.57876,43990.58179,IP Address,100,261,TRUE,43990.5818,R_3Hh0DHJhDlghr9u,anonymous,EN,Yes,Yes,Yes,Yes,Yes,5c6dd18f4e08ad00018cc5f6,£0.50 ,,0,I might get £0.55 but I might also get £0.00.,,0,0,0,1,1,1,1,1,1,1,1,1,9,3,3,0,£0.50 ,,0,I get £0.55 if my partner also chooses Option B. But I will get £0.00 if I choose this option and my partner does not.,,0,0,0,0,0,0,0,0,0,0,0,0,0,0,12,0,3,2,5c6dd18f4e08ad00018cc5f6,26,Male,Yes,Yes
43990.54951,43990.55427,IP Address,100,411,TRUE,43990.55428,R_1JFuiDnMLKGyjik,anonymous,EN,Yes,Yes,Yes,Yes,Yes,5c704ef2c2129500016b0767,£0.50 ,,0,I might get £0.55 but I might also get £0.00.,,0,0,0,0,0,0,0,1,1,1,1,1,5,7,7,0,£0.50 ,,0,I get £0.55 if my partner also chooses Option B. But I will get £0.00 if I choose this option and my partner does not.,,0,0,1,1,1,1,1,1,1,1,1,1,10,2,2,0,5,3,5c704ef2c2129500016b0767,41,Male,Yes,Yes
43990.55935,43990.56161,IP Address,100,194,TRUE,43990.56162,R_2ZE63kSboNwgnbj,anonymous,EN,Yes,Yes,Yes,Yes,Yes,5c739927a2f54e00018d7040,£0.50 ,,0,I might get £0.55 but I might also get £0.00.,,0,0,0,0,0,0,0,0,0,1,1,1,3,9,9,0,£0.50 ,,0,I get £0.55 if my partner also chooses Option B. But I will get £0.00 if I choose this option and my partner does not.,,0,0,0,0,0,0,0,1,1,1,1,1,5,7,7,0,4,3,5c739927a2f54e00018d7040,32,Female,Yes,Yes
43991.57093,43991.57356,IP Address,100,228,TRUE,43991.57358,R_2zUDwwgMfsxqjJm,anonymous,EN,Yes,Yes,Yes,Yes,Yes,5c73a8b843afac0001428e6a,£0.50 ,,0,I might get £0.55 but I might also get £0.00.,,0,0,0,0,0,1,1,1,1,1,1,1,7,5,5,0,£0.50 ,,0,I get £0.55 if my partner also chooses Option B. But I will get £0.00 if I choose this option and my partner does not.,,0,0,0,0,0,0,1,1,1,1,1,1,6,6,6,0,1,3,5c73a8b843afac0001428e6a,35,Female,Yes,Yes
43990.69292,43990.69535,IP Address,100,209,TRUE,43990.69536,R_2w6kZhQX5pPFcYs,anonymous,EN,Yes,Yes,Yes,Yes,Yes,5c741a67566c7700173ed014,£0.50 ,,0,I might get £0.55 but I might also get £0.00.,,0,0,0,0,0,1,0,1,1,1,1,1,6,5,6,1,£0.50 ,,0,I get £0.55 if my partner also chooses Option B. But I will get £0.00 if I choose this option and my partner does not.,,0,1,1,1,1,1,1,1,1,1,1,1,11,1,1,0,5,4,5c741a67566c7700173ed014,34,Female,Yes,Yes
43990.60988,43990.61285,IP Address,100,255,TRUE,43990.61286,R_s86Je8RUkzCYMvf,anonymous,EN,Yes,Yes,Yes,Yes,Yes,5c74b544eaaa5700186edc53,£0.50 ,,0,I might get £0.55 but I might also get £0.00.,,0,0,0,0,0,0,0,1,1,1,1,1,5,7,7,0,£0.50 ,,0,I get £0.55 if my partner also chooses Option B. But I will get £0.00 if I choose this option and my partner does not.,,0,0,1,1,1,1,0,0,0,1,1,1,7,2,5,1,3,3,5c74b544eaaa5700186edc53,23,Male,Yes,Yes
43990.54259,43990.54689,IP Address,100,370,TRUE,43990.54689,R_6gxleYf5kVKumnT,anonymous,EN,Yes,Yes,Yes,Yes,Yes,5c74feb7f2e90f00139516b8,£0.50 ,,0,I might get £0.55 but I might also get £0.00.,,0,0,0,0,0,0,0,0,0,0,0,0,0,0,12,0,£0.50 ,,0,I get £0.55 if my partner also chooses Option B. But I will get £0.00 if I choose this option and my partner does not.,,0,0,1,1,1,1,1,1,1,1,1,1,10,2,2,0,1,1,5c74feb7f2e90f00139516b8,43,Male,Yes,Yes
43990.54436,43990.54733,IP Address,100,256,TRUE,43990.54734,R_2V7xFO6bP7T5Uxw,anonymous,EN,Yes,Yes,Yes,Yes,Yes,5c755dae2dc85100015025b2,£0.50 ,,0,I might get £0.55 but I might also get £0.00.,,0,0,1,1,1,1,1,1,1,1,1,1,10,2,2,0,£0.50 ,,0,I get £0.55 if my partner also chooses Option B. But I will get £0.00 if I choose this option and my partner does not.,,0,0,1,1,1,1,1,1,1,1,1,1,10,2,2,0,1,5,5c755dae2dc85100015025b2,26,Male,Yes,No
43990.75578,43990.76059,IP Address,100,415,TRUE,43990.76062,R_3dYzKXiQ1TwetVX,anonymous,EN,Yes,Yes,Yes,Yes,Yes,5c78094037432100181302a1,£0.50 ,,0,I might get £0.55 but I might also get £0.00.,,0,0,0,0,0,1,1,1,1,1,1,1,7,5,5,0,£0.50 ,,0,I get £0.55 if my partner also chooses Option B. But I will get £0.00 if I choose this option and my partner does not.,,0,0,0,0,0,0,0,0,0,0,0,0,0,0,12,0,5,5,5c78094037432100181302a1,64,Female,Yes,Yes
43991.51797,43991.51991,IP Address,100,166,TRUE,43991.51991,R_3EnGsqfkkHPJhGF,anonymous,EN,Yes,Yes,Yes,Yes,Yes,5c7cf048cdb6aa001667f664,£0.50 ,,0,I might get £0.55 but I might also get £0.00.,,0,0,1,1,1,1,1,1,1,1,1,1,10,2,2,0,£0.50 ,,0,I get £0.55 if my partner also chooses Option B. But I will get £0.00 if I choose this option and my partner does not.,,0,0,0,0,0,0,1,1,1,1,1,1,6,6,6,0,5,5,5c7cf048cdb6aa001667f664,19,Male,Yes,Yes
43990.77721,43990.78075,IP Address,100,306,TRUE,43990.78076,R_31j80GH4DNkqgMh,anonymous,EN,Yes,Yes,Yes,Yes,Yes,5c7e7970efcd55000105a686,£0.50 ,,0,I might get £0.55 but I might also get £0.00.,,0,0,0,0,0,0,0,0,0,1,1,1,3,9,9,0,£0.50 ,,0,I get £0.55 if my partner also chooses Option B. But I will get £0.00 if I choose this option and my partner does not.,,0,0,0,0,0,0,0,0,0,0,0,0,0,0,12,0,4,4,5c7e7970efcd55000105a686,28,Female,Yes,Yes
43991.41553,43991.41931,IP Address,100,326,TRUE,43991.41932,R_1qaqOYHVFnMU6dM,anonymous,EN,Yes,Yes,Yes,Yes,Yes,5c7fd8ec0ce9a10015fb5ed3,£0.50 ,,0,I might get £0.55 but I might also get £0.00.,,0,0,0,0,0,0,0,0,0,1,1,1,3,9,9,0,£0.50 ,,0,I get £0.55 if my partner also chooses Option B. But I will get £0.00 if I choose this option and my partner does not.,,0,0,0,0,0,0,0,1,1,1,1,1,5,7,7,0,4,3,5c7fd8ec0ce9a10015fb5ed3,38,Female,Yes,Yes
43990.54337,43990.54747,IP Address,100,354,TRUE,43990.54747,R_3hloAzNAl40KE1l,anonymous,EN,Yes,Yes,Yes,Yes,Yes,5c8249601a83510001606ecd,£0.50 ,,0,I might get £0.55 but I might also get £0.00.,,0,0,0,0,0,0,0,0,0,1,1,1,3,9,9,0,£0.50 ,,0,I get £0.55 if my partner also chooses Option B. But I will get £0.00 if I choose this option and my partner does not.,,0,0,0,1,1,1,1,1,1,1,1,1,9,3,3,0,4,2,5c8249601a83510001606ecd,21,Male,Yes,Yes
43990.54981,43990.55184,IP Address,100,175,TRUE,43990.55185,R_2aepRQzN0qJbDdI,anonymous,EN,Yes,Yes,Yes,Yes,Yes,5c87baccd7c01f001660dcd8,£0.50 ,,0,I might get £0.55 but I might also get £0.00.,,0,0,1,1,1,1,1,1,1,1,1,1,10,2,2,0,£0.50 ,,0,I get £0.55 if my partner also chooses Option B. But I will get £0.00 if I choose this option and my partner does not.,,0,0,0,0,0,0,0,0,0,1,1,1,3,9,9,0,3,3,5c87baccd7c01f001660dcd8,25,Male,No,No
43990.65001,43990.65356,IP Address,100,307,TRUE,43990.65358,R_2zo9APZ70TiAyA9,anonymous,EN,Yes,Yes,Yes,Yes,Yes,5c8942ff42ff490015c7e32e,£0.50 ,,0,I might get £0.55 but I might also get £0.00.,,0,0,0,0,0,0,0,0,0,0,1,1,2,10,10,0,£0.50 ,,0,I get £0.55 if my partner also chooses Option B. But I will get £0.00 if I choose this option and my partner does not.,,0,0,1,1,1,1,1,1,1,1,1,1,10,2,2,0,5,4,5c8942ff42ff490015c7e32e,29,Male,Yes,Yes
43990.58536,43990.58943,IP Address,100,352,TRUE,43990.58944,R_1lnSwwUJScIDwcl,anonymous,EN,Yes,Yes,Yes,Yes,Yes,5c8eb5abb828c80001fde692,£0.50 ,,0,I might get £0.55 but I might also get £0.00.,,0,0,0,0,0,1,1,1,1,1,1,1,7,5,5,0,£0.50 ,,0,I get £0.55 if my partner also chooses Option B. But I will get £0.00 if I choose this option and my partner does not.,,0,0,0,0,0,0,0,1,1,1,1,1,5,7,7,0,1,1,5c8eb5abb828c80001fde692,27,Male,Yes,Yes
43990.5442,43990.5463,IP Address,100,181,TRUE,43990.5463,R_UaS7aOr0jE1F2N3,anonymous,EN,Yes,Yes,Yes,Yes,Yes,5c8f7f2954e77c001654db64,£0.50 ,,0,I might get £0.55 but I might also get £0.00.,,0,0,0,0,0,0,0,0,0,1,1,1,3,9,9,0,£0.50 ,,0,I get £0.55 if my partner also chooses Option B. But I will get £0.00 if I choose this option and my partner does not.,,0,0,0,0,0,0,0,0,1,1,1,1,4,8,8,0,2,3,5c8f7f2954e77c001654db64,23,Male,Yes,Yes
43990.77457,43990.77715,IP Address,100,223,TRUE,43990.77717,R_3fWf5dJv2DAWPpI,anonymous,EN,Yes,Yes,Yes,Yes,Yes,5c8fc1124ba2a40001dfa054,£0.50 ,,0,I might get £0.55 but I might also get £0.00.,,0,0,0,0,0,0,0,0,0,0,0,0,0,0,12,0,£0.50 ,,0,I get £0.55 if my partner also chooses Option B. But I will get £0.00 if I choose this option and my partner does not.,,0,1,1,1,1,1,1,1,1,1,1,1,11,1,1,0,5,1,5c8fc1124ba2a40001dfa054,25,Female,Yes,Yes
43990.54502,43990.54719,IP Address,100,187,TRUE,43990.5472,R_1H8iuVpNLUHTU3e,anonymous,EN,Yes,Yes,Yes,Yes,Yes,5c91e7faf4858d0012689e50,£0.50 ,,0,I might get £0.55 but I might also get £0.00.,,0,0,0,0,0,0,0,1,1,1,1,1,5,7,7,0,£0.50 ,,0,I get £0.55 if my partner also chooses Option B. But I will get £0.00 if I choose this option and my partner does not.,,0,0,0,0,0,0,0,1,1,1,1,1,5,7,7,0,4,4,5c91e7faf4858d0012689e50,22,Male,No,No
43990.68372,43990.6865,IP Address,100,240,TRUE,43990.68651,R_1rNFsepWzM1ClK2,anonymous,EN,Yes,Yes,Yes,Yes,Yes,5c92348400cbd900157d4297,£0.50 ,,0,I might get £0.55 but I might also get £0.00.,,0,0,0,0,0,0,0,0,0,1,1,1,3,9,9,0,£0.50 ,,0,I get £0.55 if my partner also chooses Option B. But I will get £0.00 if I choose this option and my partner does not.,,0,0,0,0,0,0,0,1,1,1,1,1,5,7,7,0,4,2,5c92348400cbd900157d4297,26,Female,Yes,No
43990.5901,43990.59309,IP Address,100,258,TRUE,43990.5931,R_1CyCiMVqNXNo4W8,anonymous,EN,Yes,Yes,Yes,Yes,Yes,5c929a00e2826c0017166719,£0.50 ,,0,I might get £0.55 but I might also get £0.00.,,0,0,0,0,0,0,0,0,0,1,1,1,3,9,9,0,£0.50 ,,0,I get £0.55 if my partner also chooses Option B. But I will get £0.00 if I choose this option and my partner does not.,,0,0,1,1,1,1,1,1,1,1,1,1,10,2,2,0,4,5,5c929a00e2826c0017166719,22,Male,No,No
43990.69082,43990.69384,IP Address,100,260,TRUE,43990.69385,R_3e8KEqJVhko818q,anonymous,EN,Yes,Yes,Yes,Yes,Yes,5c92ad86830b0b000163c35f,£0.50 ,,0,I might get £0.55 but I might also get £0.00.,,0,0,0,0,0,0,0,0,0,1,1,1,3,9,9,0,£0.50 ,,0,I get £0.55 if my partner also chooses Option B. But I will get £0.00 if I choose this option and my partner does not.,,0,0,0,0,0,0,0,1,1,1,1,1,5,7,7,0,5,4,5c92ad86830b0b000163c35f,25,Male,Yes,Yes
43990.87856,43990.88176,IP Address,100,275,TRUE,43990.88176,R_2zBblfIwa4bTDUv,anonymous,EN,Yes,Yes,Yes,Yes,Yes,5c94ee77c70dc500019c7f0f,£0.50 ,,0,I might get £0.55 but I might also get £0.00.,,0,0,0,0,0,0,0,0,0,1,1,1,3,9,9,0,£0.50 ,,0,I get £0.55 if my partner also chooses Option B. But I will get £0.00 if I choose this option and my partner does not.,,0,0,0,0,0,1,1,1,1,1,1,1,7,5,5,0,3,1,5c94ee77c70dc500019c7f0f,36,Male,Yes,Yes
43990.57291,43990.57726,IP Address,100,375,TRUE,43990.57727,R_1ghcsrOrk6QPaLf,anonymous,EN,Yes,Yes,Yes,Yes,Yes,5c95739811a9f500137cbf05,£0.50 ,,0,I might get £0.55 but I might also get £0.00.,,0,0,0,0,0,0,0,0,0,1,1,1,3,9,9,0,£0.50 ,,0,I get £0.55 if my partner also chooses Option B. But I will get £0.00 if I choose this option and my partner does not.,,0,0,0,0,0,0,0,0,0,0,0,0,0,0,12,0,5,5,5c95739811a9f500137cbf05,26,Male,Yes,Yes
43991.79231,43991.79595,IP Address,100,314,TRUE,43991.79596,R_3jcxnOzdwMfDSn4,anonymous,EN,Yes,Yes,Yes,Yes,Yes,5c9a1d3c732b420001bfa60f,£0.50 ,,0,I might get £0.55 but I might also get £0.00.,,0,0,0,0,0,0,0,0,0,0,1,1,2,10,10,0,£0.50 ,,0,I get £0.55 if my partner also chooses Option B. But I will get £0.00 if I choose this option and my partner does not.,,0,0,0,0,0,0,0,0,0,1,1,1,3,9,9,0,3,4,5c9a1d3c732b420001bfa60f,22,Male,Yes,Yes
43990.61831,43990.62556,IP Address,100,626,TRUE,43990.62557,R_2lsBsU2D1sqnlVD,anonymous,EN,Yes,Yes,Yes,Yes,Yes,5c9c0dd4f8c3ec00018b9985,£0.50 ,,0,I might get £0.55 but I might also get £0.00.,,0,0,1,0,1,1,0,1,1,1,1,1,8,2,4,1,£0.50 ,,0,I get £0.55 if my partner also chooses Option B. But I will get £0.00 if I choose this option and my partner does not.,,0,0,0,0,1,1,1,1,1,1,1,1,8,4,4,0,5,5,5c9c0dd4f8c3ec00018b9985,53,Female,Yes,Yes
43990.57181,43990.57505,IP Address,100,279,TRUE,43990.57505,R_2CNY8zGUy7d1eMR,anonymous,EN,Yes,Yes,Yes,Yes,Yes,5c9cbbada071ec00199a7e56,£0.50 ,,0,I might get £0.55 but I might also get £0.00.,,0,0,0,0,0,0,0,1,1,1,1,1,5,7,7,0,£0.50 ,,0,I get £0.55 if my partner also chooses Option B. But I will get £0.00 if I choose this option and my partner does not.,,0,0,0,0,1,1,1,1,1,1,1,1,8,4,4,0,4,4,5c9cbbada071ec00199a7e56,31,Male,Yes,Yes
43990.63616,43990.63874,IP Address,100,223,TRUE,43990.63875,R_2bJE90Am2hxNauW,anonymous,EN,Yes,Yes,Yes,Yes,Yes,5c9f36824563540012472fc5,£0.50 ,,0,I might get £0.55 but I might also get £0.00.,,0,0,0,0,0,1,1,1,1,1,1,1,7,5,5,0,£0.50 ,,0,I get £0.55 if my partner also chooses Option B. But I will get £0.00 if I choose this option and my partner does not.,,0,0,0,0,1,1,1,1,1,1,1,1,8,4,4,0,1,3,5c9f36824563540012472fc5,19,Male,Yes,Yes
43990.67475,43990.67727,IP Address,100,218,TRUE,43990.67728,R_2XgL6ZrTaBTcyVq,anonymous,EN,Yes,Yes,Yes,Yes,Yes,5ca1fe95c977ef0016546ffc,£0.50 ,,0,I might get £0.55 but I might also get £0.00.,,0,0,0,0,0,0,0,0,0,1,1,1,3,9,9,0,£0.50 ,,0,I get £0.55 if my partner also chooses Option B. But I will get £0.00 if I choose this option and my partner does not.,,0,0,0,0,0,0,0,0,0,0,0,0,0,0,12,0,3,4,5ca1fe95c977ef0016546ffc,25,Female,Yes,Yes
43990.5437,43990.54852,IP Address,100,416,TRUE,43990.54853,R_3nHSqrKZxrzwHfj,anonymous,EN,Yes,Yes,Yes,Yes,Yes,5ca335e948f78e0018fdb131,£0.50 ,,0,I might get £0.55 but I might also get £0.00.,,0,0,0,0,0,0,0,0,0,0,0,0,0,0,12,0,£0.50 ,,0,I get £0.55 if my partner also chooses Option B. But I will get £0.00 if I choose this option and my partner does not.,,0,0,0,0,0,0,0,0,0,0,0,0,0,0,12,0,1,4,5ca335e948f78e0018fdb131,22,Male,Yes,Yes
43991.81273,43991.81655,IP Address,100,330,TRUE,43991.81656,R_3M5JrnfrMbEduGd,anonymous,EN,Yes,Yes,Yes,Yes,Yes,5ca87fb236a495001765efef,£0.50 ,,0,I might get £0.55 but I might also get £0.00.,,0,1,1,1,1,1,1,1,1,1,1,1,11,1,1,0,£0.50 ,,0,I get £0.55 if my partner also chooses Option B. But I will get £0.00 if I choose this option and my partner does not.,,0,0,0,0,0,0,0,0,0,1,1,1,3,9,9,0,1,4,5ca87fb236a495001765efef,27,Female,Yes,Yes
43990.55251,43990.55576,IP Address,100,280,TRUE,43990.55577,R_1BXHpkl63ateaCg,anonymous,EN,Yes,Yes,Yes,Yes,Yes,5ca88352e622220011fb733c,£0.50 ,,0,I might get £0.55 but I might also get £0.00.,,0,0,0,0,0,0,1,1,1,1,1,1,6,6,6,0,£0.50 ,,0,I get £0.55 if my partner also chooses Option B. But I will get £0.00 if I choose this option and my partner does not.,,0,0,0,0,0,0,0,0,0,0,1,1,2,10,10,0,5,5,5ca88352e622220011fb733c,52,Male,Yes,Yes
43990.54709,43990.55088,IP Address,100,327,TRUE,43990.55089,R_sLLXabzAOlvHpzr,anonymous,EN,Yes,Yes,Yes,Yes,Yes,5caccaed2f93d700157b4782,£0.50 ,,0,I might get £0.55 but I might also get £0.00.,,0,0,0,0,0,0,0,0,0,0,0,0,0,0,12,0,£0.50 ,,0,I get £0.55 if my partner also chooses Option B. But I will get £0.00 if I choose this option and my partner does not.,,0,0,0,0,0,0,1,1,1,1,1,1,6,6,6,0,5,2,5caccaed2f93d700157b4782,22,Male,Yes,Yes
43990.54436,43990.54723,IP Address,100,247,TRUE,43990.54724,R_1DMeGY4OigDqHSG,anonymous,EN,Yes,Yes,Yes,Yes,Yes,5cad063d22389a0017fa6d7e,£0.50 ,,0,I might get £0.55 but I might also get £0.00.,,0,0,0,0,0,1,1,1,1,1,1,1,7,5,5,0,£0.50 ,,0,I get £0.55 if my partner also chooses Option B. But I will get £0.00 if I choose this option and my partner does not.,,0,0,0,0,0,1,1,1,1,1,1,1,7,5,5,0,1,3,5cad063d22389a0017fa6d7e,22,Female,Yes,Yes
43990.5424,43990.54653,IP Address,100,357,TRUE,43990.54654,R_3jZGQcSV1P4xGPl,anonymous,EN,Yes,Yes,Yes,Yes,Yes,5cb4f4ec46ed130001d15b05,£0.50 ,,0,I might get £0.55 but I might also get £0.00.,,0,0,0,1,0,1,0,0,1,0,1,1,5,3,7,1,£0.50 ,,0,I get £0.55 if my partner also chooses Option B. But I will get £0.00 if I choose this option and my partner does not.,,0,0,1,0,1,1,1,1,0,0,1,1,7,2,5,1,5,4,5cb4f4ec46ed130001d15b05,52,Female,Yes,Yes
43990.54672,43990.55056,IP Address,100,330,TRUE,43990.55063,R_RISbTurWAPof4fn,anonymous,EN,Yes,Yes,Yes,Yes,Yes,5cbd6ada6ec85f0001b8359a,£0.50 ,,0,I might get £0.55 but I might also get £0.00.,,0,0,0,0,0,0,0,0,0,1,1,1,3,9,9,0,£0.50 ,,0,I get £0.55 if my partner also chooses Option B. But I will get £0.00 if I choose this option and my partner does not.,,0,0,0,0,0,0,0,0,1,1,1,1,4,8,8,0,3,2,5cbd6ada6ec85f0001b8359a,31,Female,Yes,Yes
43990.55421,43990.55736,IP Address,100,272,TRUE,43990.55737,R_10ZNsn79qAmWVat,anonymous,EN,Yes,Yes,Yes,Yes,Yes,5cbf32bb73d3da001603d101,£1.00 ,£1.00 ,2,I might get £0.55 but I might also get £0.00.,,0,0,0,0,0,0,1,1,1,1,1,1,6,6,6,0,£0.50 ,,0,£0.75 ,£0.75 ,2,0,1,1,1,1,1,1,1,1,1,1,10,2,2,0,3,4,5cbf32bb73d3da001603d101,36,Male,Yes,No
43990.66587,43990.66742,IP Address,100,134,TRUE,43990.66743,R_3ekuQGwadxNLPHA,anonymous,EN,Yes,Yes,Yes,Yes,Yes,5cbf7efc33c9c70017d49c79,£0.50 ,,0,I might get £0.55 but I might also get £0.00.,,0,0,0,0,0,0,0,1,1,1,1,1,5,7,7,0,£0.50 ,,0,I get £0.55 if my partner also chooses Option B. But I will get £0.00 if I choose this option and my partner does not.,,0,0,0,0,0,0,0,1,1,1,1,1,5,7,7,0,5,4,5cbf7efc33c9c70017d49c79,26,Female,Yes,No
43990.5433,43990.54595,IP Address,100,228,TRUE,43990.54596,R_czPKVzCSvosHHUd,anonymous,EN,Yes,Yes,Yes,Yes,Yes,5cc0e3917dc8e10001a366d5,£0.50 ,,0,I might get £0.55 but I might also get £0.00.,,0,0,0,0,0,1,0,1,1,1,1,1,6,5,6,1,£0.50 ,,0,I get £0.55 if my partner also chooses Option B. But I will get £0.00 if I choose this option and my partner does not.,,0,0,0,0,0,1,0,1,1,1,1,1,6,5,6,1,4,3,5cc0e3917dc8e10001a366d5,24,Female,No,No
43990.54748,43990.54972,IP Address,100,193,TRUE,43990.54973,R_21hrXzWjfY12bqR,anonymous,EN,Yes,Yes,Yes,Yes,Yes,5cc180984d7d8d001858d5e2,£0.50 ,,0,I might get £0.55 but I might also get £0.00.,,0,0,0,0,0,0,1,1,1,1,0,1,5,6,7,1,£0.50 ,,0,I get £0.55 if my partner also chooses Option B. But I will get £0.00 if I choose this option and my partner does not.,,0,0,1,1,1,1,1,1,1,1,1,1,10,2,2,0,5,3,5cc180984d7d8d001858d5e2,33,Male,Yes,Yes
43990.65759,43990.65984,IP Address,100,194,TRUE,43990.65985,R_6PZ4UJNTSWarYch,anonymous,EN,Yes,Yes,Yes,Yes,Yes,5cc555d346fb4500171c0a9e,£0.50 ,,0,I might get £0.55 but I might also get £0.00.,,0,0,0,0,0,0,0,1,1,1,1,1,5,7,7,0,£0.50 ,,0,I get £0.55 if my partner also chooses Option B. But I will get £0.00 if I choose this option and my partner does not.,,0,0,0,0,0,0,0,0,0,0,0,0,0,0,12,0,1,2,5cc555d346fb4500171c0a9e,20,Male,Yes,Yes
43990.66605,43990.66917,IP Address,100,268,TRUE,43990.66917,R_UWmS3d9PlQJCTQt,anonymous,EN,Yes,Yes,Yes,Yes,Yes,5cc711597ebbc0000133168e,£0.50 ,,0,I might get £0.55 but I might also get £0.00.,,0,0,0,0,0,0,0,0,1,1,1,1,4,8,8,0,£0.50 ,,0,I get £0.55 if my partner also chooses Option B. But I will get £0.00 if I choose this option and my partner does not.,,0,0,0,0,0,0,0,1,1,1,1,1,5,7,7,0,3,4,5cc711597ebbc0000133168e,26,Female,Yes,Yes
43990.56104,43990.56859,IP Address,100,652,TRUE,43990.5686,R_SVrisYtmhJm4kOB,anonymous,EN,Yes,Yes,Yes,Yes,Yes,5cc888ae085b98001620bf4d,£0.50 ,,0,I might get £0.55 but I might also get £0.00.,,0,0,0,0,0,0,0,0,0,0,1,0,1,10,11,1,£0.50 ,,0,I get £0.55 if my partner also chooses Option B. But I will get £0.00 if I choose this option and my partner does not.,,0,0,0,0,0,0,0,0,0,1,1,1,3,9,9,0,4,5,5cc888ae085b98001620bf4d,28,Female,Yes,Yes
43990.54666,43990.54872,IP Address,100,178,TRUE,43990.54873,R_3ELKsbjEoCzYoGU,anonymous,EN,Yes,Yes,Yes,Yes,Yes,5ccc758ab11510001584a1af,£0.50 ,,0,I might get £0.55 but I might also get £0.00.,,0,0,0,0,0,0,0,0,0,1,1,1,3,9,9,0,£0.50 ,,0,I get £0.55 if my partner also chooses Option B. But I will get £0.00 if I choose this option and my partner does not.,,0,0,0,0,0,0,0,0,0,1,1,1,3,9,9,0,1,5,5ccc758ab11510001584a1af,25,Male,Yes,Yes
43991.62359,43991.62553,IP Address,100,168,TRUE,43991.62555,R_2ckCDrTPloE43Wb,anonymous,EN,Yes,Yes,Yes,Yes,Yes,5cd05a9f7729fd001ddeec86,£0.50 ,,0,I might get £0.55 but I might also get £0.00.,,0,0,0,0,0,1,1,1,1,1,1,1,7,5,5,0,£0.50 ,,0,I get £0.55 if my partner also chooses Option B. But I will get £0.00 if I choose this option and my partner does not.,,0,0,0,0,0,0,0,0,0,0,0,1,1,11,11,0,1,5,5cd05a9f7729fd001ddeec86,25,Male,Yes,Yes
43990.54649,43990.54899,IP Address,100,215,TRUE,43990.549,R_2BlICvMzSRkeKzQ,anonymous,EN,Yes,Yes,Yes,Yes,Yes,5cd07e08db3fce00135afd9c,£0.50 ,,0,I might get £0.55 but I might also get £0.00.,,0,0,0,0,0,0,0,1,1,1,1,1,5,7,7,0,£0.50 ,,0,I get £0.55 if my partner also chooses Option B. But I will get £0.00 if I choose this option and my partner does not.,,0,1,1,1,1,1,1,1,1,1,1,1,11,1,1,0,5,4,5cd07e08db3fce00135afd9c,22,Male,Yes,Yes
43990.6631,43990.66649,IP Address,100,293,TRUE,43990.6665,R_25L3vZloB7Td0bp,anonymous,EN,Yes,Yes,Yes,Yes,Yes,5cd2d98d2cb472000158ff63,£0.50 ,,0,I might get £0.55 but I might also get £0.00.,,0,0,1,1,1,1,1,1,1,1,1,1,10,2,2,0,£0.50 ,,0,I get £0.55 if my partner also chooses Option B. But I will get £0.00 if I choose this option and my partner does not.,,0,0,1,1,1,1,1,1,1,1,1,0,9,2,3,1,2,3,5cd2d98d2cb472000158ff63,31,Female,Yes,Yes
43990.54579,43990.55403,IP Address,100,711,TRUE,43990.55403,R_2UW3XA1u58GXjvr,anonymous,EN,Yes,Yes,Yes,Yes,Yes,5cd49e03b5f539000154efe7,£0.50 ,,0,I might get £0.55 but I might also get £0.00.,,0,1,1,1,1,1,1,1,1,1,1,1,11,1,1,0,£0.50 ,,0,I get £0.55 if my partner also chooses Option B. But I will get £0.00 if I choose this option and my partner does not.,,0,0,0,0,0,0,0,1,1,1,1,1,5,7,7,0,5,1,5cd49e03b5f539000154efe7,39,Female,Yes,Yes
43990.5465,43990.5484,IP Address,100,163,TRUE,43990.54841,R_3aYeSMXIhy45VqF,anonymous,EN,Yes,Yes,Yes,Yes,Yes,5cd6eba26834a6001746b667,£0.50 ,,0,I might get £0.55 but I might also get £0.00.,,0,0,0,0,0,0,0,0,0,0,0,1,1,11,11,0,£0.50 ,,0,I get £0.55 if my partner also chooses Option B. But I will get £0.00 if I choose this option and my partner does not.,,0,0,0,0,0,0,0,0,0,0,0,0,0,0,12,0,4,4,5cd6eba26834a6001746b667,28,Male,Yes,Yes
43990.54442,43990.54716,IP Address,100,237,TRUE,43990.54718,R_eP6QW1dxazA2R7r,anonymous,EN,Yes,Yes,Yes,Yes,Yes,5cd7dc7a0f0de600018e760b,£0.50 ,,0,I might get £0.55 but I might also get £0.00.,,0,0,0,0,0,0,0,1,1,1,1,1,5,7,7,0,£0.50 ,,0,I get £0.55 if my partner also chooses Option B. But I will get £0.00 if I choose this option and my partner does not.,,0,0,0,0,0,0,1,1,1,1,1,1,6,6,6,0,5,3,5cd7dc7a0f0de600018e760b,47,Female,Yes,Yes
43990.64611,43990.64872,IP Address,100,225,TRUE,43990.64873,R_wLYNM2MBuxIkEbD,anonymous,EN,Yes,Yes,Yes,Yes,Yes,5cd9c6c4baa5180001f09783,£0.50 ,,0,I might get £0.55 but I might also get £0.00.,,0,0,0,0,0,0,0,0,0,0,0,1,1,11,11,0,£0.50 ,,0,I get £0.55 if my partner also chooses Option B. But I will get £0.00 if I choose this option and my partner does not.,,0,0,0,0,0,0,1,1,1,1,1,1,6,6,6,0,3,3,5cd9c6c4baa5180001f09783,26,Male,Yes,Yes
43990.56807,43990.57164,IP Address,100,309,TRUE,43990.57165,R_2vcuoSD6tO7H1l1,anonymous,EN,Yes,Yes,Yes,Yes,Yes,5cdd7d9f83e768001952c3d6,£0.50 ,,0,I might get £0.55 but I might also get £0.00.,,0,0,0,0,0,0,0,0,0,0,0,1,1,11,11,0,£0.50 ,,0,I get £0.55 if my partner also chooses Option B. But I will get £0.00 if I choose this option and my partner does not.,,0,0,0,1,1,1,1,1,1,1,1,1,9,3,3,0,4,2,5cdd7d9f83e768001952c3d6,25,Male,Yes,Yes
43990.54806,43990.55064,IP Address,100,222,TRUE,43990.55064,R_1f6MSDI0P4MaQGK,anonymous,EN,Yes,Yes,Yes,Yes,Yes,5ce2998fc0732800014c0332,£0.50 ,,0,I might get £0.55 but I might also get £0.00.,,0,0,0,0,0,0,0,0,0,0,0,0,0,0,12,0,£0.50 ,,0,I get £0.55 if my partner also chooses Option B. But I will get £0.00 if I choose this option and my partner does not.,,0,0,0,0,0,0,0,0,0,1,1,1,3,9,9,0,3,2,5ce2998fc0732800014c0332,20,Male,Yes,Yes
43990.55641,43990.56235,IP Address,100,513,TRUE,43990.56236,R_1OGZRnVAuj8OgZ4,anonymous,EN,Yes,Yes,Yes,Yes,Yes,5ce2d3e491250a00018e04f4,£0.50 ,,0,I might get £0.55 but I might also get £0.00.,,0,0,0,0,0,0,0,0,0,0,1,1,2,10,10,0,£0.50 ,,0,I get £0.55 if my partner also chooses Option B. But I will get £0.00 if I choose this option and my partner does not.,,0,0,0,0,0,0,0,0,0,0,0,0,0,0,12,0,3,2,5ce2d3e491250a00018e04f4,50,Female,Yes,Yes
43990.55199,43990.55397,IP Address,100,171,TRUE,43990.55398,R_1IAS4SP5pir97dG,anonymous,EN,Yes,Yes,Yes,Yes,Yes,5ce3d1511749aa001a72b43d,£0.50 ,,0,I might get £0.55 but I might also get £0.00.,,0,0,0,0,0,0,0,0,0,0,0,1,1,11,11,0,£0.50 ,,0,I get £0.55 if my partner also chooses Option B. But I will get £0.00 if I choose this option and my partner does not.,,0,0,1,1,1,1,1,1,1,1,1,1,10,2,2,0,3,3,5ce3d1511749aa001a72b43d,19,Male,Yes,No
43990.6134,43990.61688,IP Address,100,300,TRUE,43990.61689,R_1A1WMavcds0BtPb,anonymous,EN,Yes,Yes,Yes,Yes,Yes,5ce3f5a3527fb40019cbf2c0,£0.50 ,,0,I might get £0.55 but I might also get £0.00.,,0,0,1,1,1,1,1,1,1,1,1,1,10,2,2,0,£0.50 ,,0,I get £0.55 if my partner also chooses Option B. But I will get £0.00 if I choose this option and my partner does not.,,0,0,0,0,0,0,0,0,1,1,1,1,4,8,8,0,3,5,5ce3f5a3527fb40019cbf2c0,35,Female,Yes,Yes
43990.54755,43990.55116,IP Address,100,312,TRUE,43990.55117,R_pgQZmo04ZXzAql3,anonymous,EN,Yes,Yes,Yes,Yes,Yes,5ce7fdbd1a9c5000178e75e5,£0.50 ,,0,I might get £0.55 but I might also get £0.00.,,0,0,0,0,0,0,0,0,0,0,1,0,1,10,11,1,£0.50 ,,0,I get £0.55 if my partner also chooses Option B. But I will get £0.00 if I choose this option and my partner does not.,,0,0,0,0,0,0,0,0,0,1,1,1,3,9,9,0,1,4,5ce7fdbd1a9c5000178e75e5,26,Female,Yes,Yes
43990.81177,43990.81737,IP Address,100,483,TRUE,43990.81739,R_tLnUsRLWKg9UTy9,anonymous,EN,Yes,Yes,Yes,Yes,Yes,5cec37d92711fa0016c29bda,£0.50 ,,0,I might get £0.55 but I might also get £0.00.,,0,0,0,0,0,0,0,0,0,0,0,0,0,0,12,0,£0.50 ,,0,I get £0.55 if my partner also chooses Option B. But I will get £0.00 if I choose this option and my partner does not.,,0,0,0,1,1,1,1,1,1,1,1,1,9,3,3,0,5,1,5cec37d92711fa0016c29bda,41,Female,No,No
43990.55367,43990.55638,IP Address,100,233,TRUE,43990.55639,R_1lohUOXLjh4xEwo,anonymous,EN,Yes,Yes,Yes,Yes,Yes,5ced9a82776d860017fcafb1,£0.50 ,,0,I might get £0.55 but I might also get £0.00.,,0,0,0,0,0,0,0,1,0,0,1,1,3,7,9,1,£0.50 ,,0,I get £0.55 if my partner also chooses Option B. But I will get £0.00 if I choose this option and my partner does not.,,0,1,1,1,1,1,1,1,1,1,1,1,11,1,1,0,1,2,5ced9a82776d860017fcafb1,40,Male,Yes,Yes
43990.54722,43990.55063,IP Address,100,293,TRUE,43990.55064,R_tFptnsxRprPyozn,anonymous,EN,Yes,Yes,Yes,Yes,Yes,5cefb8f8c66a7d001acbe28c,£0.50 ,,0,I might get £0.55 but I might also get £0.00.,,0,0,0,0,0,0,0,1,1,1,1,1,5,7,7,0,£0.50 ,,0,I get £0.55 if my partner also chooses Option B. But I will get £0.00 if I choose this option and my partner does not.,,0,0,0,0,0,0,1,1,1,1,1,1,6,6,6,0,4,4,5cefb8f8c66a7d001acbe28c,25,Female,Yes,Yes
43990.61517,43990.61984,IP Address,100,403,TRUE,43990.61985,R_1NEvGg9GjIa1nJ8,anonymous,EN,Yes,Yes,Yes,Yes,Yes,5cf03597beaebd001f0d73ab,£0.50 ,,0,I might get £0.55 but I might also get £0.00.,,0,0,0,0,0,0,0,0,0,0,0,0,0,0,12,0,£0.50 ,,0,I get £0.55 if my partner also chooses Option B. But I will get £0.00 if I choose this option and my partner does not.,,0,0,0,0,0,0,0,1,1,1,1,1,5,7,7,0,3,4,5cf03597beaebd001f0d73ab,37,Female,Yes,Yes
43990.54865,43990.55339,IP Address,100,409,TRUE,43990.5534,R_2fJqeamxBotjoHL,anonymous,EN,Yes,Yes,Yes,Yes,Yes,5cf3eaf706fb120016ecfd05,£0.50 ,,0,I might get £0.55 but I might also get £0.00.,,0,0,0,0,0,0,0,0,1,1,1,1,4,8,8,0,£0.50 ,,0,I get £0.55 if my partner also chooses Option B. But I will get £0.00 if I choose this option and my partner does not.,,0,0,1,1,1,1,1,1,1,1,1,1,10,2,2,0,3,2,5cf3eaf706fb120016ecfd05,28,Male,Yes,Yes
43990.54667,43990.54961,IP Address,100,254,TRUE,43990.54962,R_1ovEKqWfjrdHQMF,anonymous,EN,Yes,Yes,Yes,Yes,Yes,5cf67b30c5cf0e00010c00fc,£0.50 ,,0,I might get £0.55 but I might also get £0.00.,,0,0,0,0,0,1,1,1,1,1,1,1,7,5,5,0,£0.50 ,,0,I get £0.55 if my partner also chooses Option B. But I will get £0.00 if I choose this option and my partner does not.,,0,0,0,0,0,0,0,1,1,1,1,1,5,7,7,0,3,3,5cf67b30c5cf0e00010c00fc,38,Non-binary,Yes,Yes
43990.54351,43990.54797,IP Address,100,385,TRUE,43990.54799,R_24nFSbHLxANCAri,anonymous,EN,Yes,Yes,Yes,Yes,Yes,5cf8c9c72f5b7d00198c3d2a,£0.50 ,,0,I might get £0.55 but I might also get £0.00.,,0,0,0,0,0,0,0,0,0,0,1,0,1,10,11,1,£0.50 ,,0,I get £0.55 if my partner also chooses Option B. But I will get £0.00 if I choose this option and my partner does not.,,0,0,0,0,0,0,0,0,0,0,0,0,0,0,12,0,4,3,5cf8c9c72f5b7d00198c3d2a,20,Female,No,Yes
43990.56375,43990.56682,IP Address,100,265,TRUE,43990.56683,R_1OALuGdoZC6HFxp,anonymous,EN,Yes,Yes,Yes,Yes,Yes,5cf958b0302ee700151b81cc,£0.50 ,,0,I might get £0.55 but I might also get £0.00.,,0,1,1,1,1,1,1,1,1,1,1,1,11,1,1,0,£0.50 ,,0,I get £0.55 if my partner also chooses Option B. But I will get £0.00 if I choose this option and my partner does not.,,0,0,0,0,0,0,0,0,0,1,1,1,3,9,9,0,2,2,5cf958b0302ee700151b81cc,28,Male,No,No
43990.55484,43990.55814,IP Address,100,284,TRUE,43990.55814,R_1GxAve4Lgjw9q6b,anonymous,EN,Yes,Yes,Yes,Yes,Yes,5cfbb39480fed30019301b72,£0.50 ,,0,I might get £0.55 but I might also get £0.00.,,0,0,0,0,0,0,1,1,1,1,1,1,6,6,6,0,£0.50 ,,0,I get £0.55 if my partner also chooses Option B. But I will get £0.00 if I choose this option and my partner does not.,,0,0,0,0,0,0,0,0,0,0,0,1,1,11,11,0,4,2,5cfbb39480fed30019301b72,29,Male,Yes,Yes
43990.54485,43990.54703,IP Address,100,187,TRUE,43990.54703,R_29cdPoVuWqJBRmi,anonymous,EN,Yes,Yes,Yes,Yes,Yes,5cfc0fa8ac238700182fd636,£0.50 ,,0,I might get £0.55 but I might also get £0.00.,,0,0,0,0,0,0,1,1,1,1,1,1,6,6,6,0,£0.50 ,,0,I get £0.55 if my partner also chooses Option B. But I will get £0.00 if I choose this option and my partner does not.,,0,0,0,0,0,1,1,1,1,1,1,1,7,5,5,0,4,5,5cfc0fa8ac238700182fd636,29,Female,Yes,Yes
43990.546,43990.55185,IP Address,100,505,TRUE,43990.55185,R_3fACgTq1BpeSqVs,anonymous,EN,Yes,Yes,Yes,Yes,Yes,5cfd0ec4a6723500162fb445,£0.50 ,,0,I might get £0.55 but I might also get £0.00.,,0,0,0,0,0,0,0,0,0,1,1,1,3,9,9,0,£0.50 ,,0,I get £0.55 if my partner also chooses Option B. But I will get £0.00 if I choose this option and my partner does not.,,0,0,0,0,0,0,0,0,0,1,1,1,3,9,9,0,4,1,5cfd0ec4a6723500162fb445,37,Female,Yes,Yes
43990.54434,43990.54668,IP Address,100,202,TRUE,43990.54669,R_cSVWejUWOUp8FsR,anonymous,EN,Yes,Yes,Yes,Yes,Yes,5d011ef8c297cb0019150583,£0.50 ,,0,I might get £0.55 but I might also get £0.00.,,0,0,0,0,1,1,1,1,1,1,1,1,8,4,4,0,£0.50 ,,0,I get £0.55 if my partner also chooses Option B. But I will get £0.00 if I choose this option and my partner does not.,,0,0,0,1,1,1,1,1,1,1,1,1,9,3,3,0,2,3,5d011ef8c297cb0019150583,28,Female,No,Yes
43990.54854,43990.55126,IP Address,100,234,TRUE,43990.55127,R_1LtyvwrHnuUkWGO,anonymous,EN,Yes,Yes,Yes,Yes,Yes,5d02ed8f7a3c0f0015cd3230,£0.50 ,,0,I might get £0.55 but I might also get £0.00.,,0,0,0,0,0,1,1,1,1,1,1,1,7,5,5,0,£0.50 ,,0,I get £0.55 if my partner also chooses Option B. But I will get £0.00 if I choose this option and my partner does not.,,0,0,0,1,1,1,1,1,1,1,1,1,9,3,3,0,4,3,5d02ed8f7a3c0f0015cd3230,20,Male,Yes,Yes
43990.7035,43990.70689,IP Address,100,293,TRUE,43990.7069,R_BM2Lj3REmSzoC2J,anonymous,EN,Yes,Yes,Yes,Yes,Yes,5d03b5abd95b760017c46e18,£0.50 ,,0,I might get £0.55 but I might also get £0.00.,,0,0,0,1,1,1,1,1,1,1,1,1,9,3,3,0,£0.50 ,,0,I get £0.55 if my partner also chooses Option B. But I will get £0.00 if I choose this option and my partner does not.,,0,0,0,0,0,1,0,1,0,1,1,1,5,5,7,1,5,3,5d03b5abd95b760017c46e18,44,Female,Yes,No
43990.55122,43990.5545,IP Address,100,284,TRUE,43990.55451,R_3hojZhY7Andzrcb,anonymous,EN,Yes,Yes,Yes,Yes,Yes,5d07b897a81576000118af69,£0.50 ,,0,I might get £0.55 but I might also get £0.00.,,0,0,0,0,0,0,0,0,0,0,0,0,0,0,12,0,£0.50 ,,0,I get £0.55 if my partner also chooses Option B. But I will get £0.00 if I choose this option and my partner does not.,,0,0,0,0,0,0,0,0,0,0,0,0,0,0,12,0,4,1,5d07b897a81576000118af69,20,Male,Yes,No
43990.67882,43990.68115,IP Address,100,201,TRUE,43990.68116,R_22GkN7VdLlZI3LN,anonymous,EN,Yes,Yes,Yes,Yes,Yes,5d0a52f019a49a00014fe263,£0.50 ,,0,I might get £0.55 but I might also get £0.00.,,0,0,1,1,1,1,1,1,1,1,1,1,10,2,2,0,£0.50 ,,0,I get £0.55 if my partner also chooses Option B. But I will get £0.00 if I choose this option and my partner does not.,,0,1,1,1,1,1,1,1,1,1,1,1,11,1,1,0,5,1,5d0a52f019a49a00014fe263,25,Female,Yes,Yes
43990.54617,43990.5489,IP Address,100,236,TRUE,43990.54891,R_1nQ5kLHobB1jZSf,anonymous,EN,Yes,Yes,Yes,Yes,Yes,5d0be24e352d630017a643be,£0.50 ,,0,I might get £0.55 but I might also get £0.00.,,0,0,1,0,1,1,0,1,1,1,1,1,8,2,4,1,£0.50 ,,0,I get £0.55 if my partner also chooses Option B. But I will get £0.00 if I choose this option and my partner does not.,,0,0,0,1,1,1,1,1,1,1,1,1,9,3,3,0,4,3,5d0be24e352d630017a643be,20,Female,Yes,Yes
43990.55641,43990.5619,IP Address,100,473,TRUE,43990.56191,R_2TAaVYHQU5qL8Us,anonymous,EN,Yes,Yes,Yes,Yes,Yes,5d0e74d6c26b9e001a6b9def,£0.50 ,,0,I might get £0.55 but I might also get £0.00.,,0,0,0,0,0,0,0,0,0,0,0,1,1,11,11,0,£0.50 ,,0,I get £0.55 if my partner also chooses Option B. But I will get £0.00 if I choose this option and my partner does not.,,0,0,0,1,1,1,1,1,1,1,1,1,9,3,3,0,3,4,5d0e74d6c26b9e001a6b9def,23,Male,Yes,Yes
43990.6627,43990.66829,IP Address,100,482,TRUE,43990.66829,R_2OJtT29kaHa5LfZ,anonymous,EN,Yes,Yes,Yes,Yes,Yes,5d11332d409df20001cc00d7,£0.50 ,,0,I might get £0.55 but I might also get £0.00.,,0,1,1,1,1,1,1,1,1,1,1,1,11,1,1,0,£0.50 ,,0,I get £0.55 if my partner also chooses Option B. But I will get £0.00 if I choose this option and my partner does not.,,0,0,0,0,0,0,0,0,1,1,1,1,4,8,8,0,4,2,5d11332d409df20001cc00d7,21,Female,No,No
43990.59574,43990.59866,IP Address,100,251,TRUE,43990.59866,R_3QDgP3Sojoqbzzc,anonymous,EN,Yes,Yes,Yes,Yes,Yes,5d11e8d591273300158beddd,£0.50 ,,0,I might get £0.55 but I might also get £0.00.,,0,0,0,0,0,1,1,1,1,1,1,1,7,5,5,0,£0.50 ,,0,I get £0.55 if my partner also chooses Option B. But I will get £0.00 if I choose this option and my partner does not.,,0,0,0,1,1,1,1,1,1,1,1,1,9,3,3,0,2,1,5d11e8d591273300158beddd,40,Male,Yes,Yes
43990.55428,43990.55772,IP Address,100,296,TRUE,43990.55773,R_30kSGFwWW10yuLh,anonymous,EN,Yes,Yes,Yes,Yes,Yes,5d120851e17acf00019be14a,£0.50 ,,0,I might get £0.55 but I might also get £0.00.,,0,0,0,0,0,0,0,0,1,1,1,1,4,8,8,0,£0.50 ,,0,I get £0.55 if my partner also chooses Option B. But I will get £0.00 if I choose this option and my partner does not.,,0,0,0,0,0,0,0,0,1,1,1,1,4,8,8,0,3,5,5d120851e17acf00019be14a,25,Male,Yes,Yes
43990.58022,43990.58249,IP Address,100,196,TRUE,43990.5825,R_25MeLUhOkUFZoVQ,anonymous,EN,Yes,Yes,Yes,Yes,Yes,5d13829fa42cf80001d1c4ab,£0.50 ,,0,I might get £0.55 but I might also get £0.00.,,0,0,0,0,0,0,0,0,0,0,1,1,2,10,10,0,£0.50 ,,0,I get £0.55 if my partner also chooses Option B. But I will get £0.00 if I choose this option and my partner does not.,,0,0,0,1,1,1,1,1,1,1,1,1,9,3,3,0,1,3,5d13829fa42cf80001d1c4ab,20,Male,No,No
43990.54422,43990.54791,IP Address,100,318,TRUE,43990.54791,R_2WIRp66ACpqJkap,anonymous,EN,Yes,Yes,Yes,Yes,Yes,5d14abad4d38750001435f74,£0.50 ,,0,I might get £0.55 but I might also get £0.00.,,0,0,0,0,1,0,1,1,1,1,1,1,7,4,5,1,£0.50 ,,0,I get £0.55 if my partner also chooses Option B. But I will get £0.00 if I choose this option and my partner does not.,,0,0,1,1,1,1,1,1,1,1,1,1,10,2,2,0,4,3,5d14abad4d38750001435f74,28,Female,No,No
43990.57888,43990.58162,IP Address,100,237,TRUE,43990.58163,R_3phBHZr3ZRSzZ60,anonymous,EN,Yes,Yes,Yes,Yes,Yes,5d1ca3329d66be0001649aae,£0.50 ,,0,I might get £0.55 but I might also get £0.00.,,0,0,0,0,0,0,0,0,0,0,0,1,1,11,11,0,£0.50 ,,0,I get £0.55 if my partner also chooses Option B. But I will get £0.00 if I choose this option and my partner does not.,,0,0,0,0,1,1,0,0,1,1,1,1,6,4,6,1,3,2,5d1ca3329d66be0001649aae,20,Female,Yes,Yes
43990.5422,43990.54453,IP Address,100,200,TRUE,43990.54453,R_3kc9tu9Iha1wCCS,anonymous,EN,Yes,Yes,Yes,Yes,Yes,5d1cc0603690a90017b7fde9,£0.50 ,,0,I might get £0.55 but I might also get £0.00.,,0,0,0,0,0,0,0,0,1,1,1,1,4,8,8,0,£0.50 ,,0,I get £0.55 if my partner also chooses Option B. But I will get £0.00 if I choose this option and my partner does not.,,0,0,0,0,0,0,0,0,1,1,1,1,4,8,8,0,4,3,5d1cc0603690a90017b7fde9,21,Male,Yes,Yes
43991.27753,43991.28125,IP Address,100,320,TRUE,43991.28126,R_1JLUHxwoDGdySbT,anonymous,EN,Yes,Yes,Yes,Yes,Yes,5d1f11d9475f3e001ae53e9f,£0.50 ,,0,I might get £0.55 but I might also get £0.00.,,0,0,1,0,1,1,0,1,1,1,1,1,8,2,4,1,£0.50 ,,0,I get £0.55 if my partner also chooses Option B. But I will get £0.00 if I choose this option and my partner does not.,,0,0,1,1,1,1,1,1,1,1,1,1,10,2,2,0,3,3,5d1f11d9475f3e001ae53e9f,29,Female,Yes,No
43990.9172,43990.92321,IP Address,100,518,TRUE,43990.92321,R_2D08b8SqUnk9Jej,anonymous,EN,Yes,Yes,Yes,Yes,Yes,5d2461ae1e99f80018c61036,£0.50 ,,0,I might get £0.55 but I might also get £0.00.,,0,0,0,0,0,0,0,1,1,1,1,1,5,7,7,0,£0.50 ,,0,I get £0.55 if my partner also chooses Option B. But I will get £0.00 if I choose this option and my partner does not.,,0,0,0,0,1,1,1,1,1,1,1,1,8,4,4,0,5,2,5d2461ae1e99f80018c61036,33,Male,Yes,Yes
43990.65252,43990.65654,IP Address,100,346,TRUE,43990.65654,R_u8PcPN1Y1gzCdB7,anonymous,EN,Yes,Yes,Yes,Yes,Yes,5d2578c6ddb85d0019460435,£0.50 ,,0,I might get £0.55 but I might also get £0.00.,,0,0,0,1,0,1,0,0,1,0,1,1,5,3,7,1,£0.50 ,,0,I get £0.55 if my partner also chooses Option B. But I will get £0.00 if I choose this option and my partner does not.,,0,0,0,0,1,1,1,1,1,1,1,1,8,4,4,0,3,2,5d2578c6ddb85d0019460435,35,Male,Yes,Yes
43990.54772,43990.55185,IP Address,100,356,TRUE,43990.55186,R_paOf1bHUqZbKmZP,anonymous,EN,Yes,Yes,Yes,Yes,Yes,5d25fd6e062efa0001833f04,£0.50 ,,0,I might get £0.55 but I might also get £0.00.,,0,1,1,1,1,1,1,1,1,1,1,1,11,1,1,0,£0.50 ,,0,I get £0.55 if my partner also chooses Option B. But I will get £0.00 if I choose this option and my partner does not.,,0,0,1,1,1,1,1,1,1,1,1,1,10,2,2,0,1,4,5d25fd6e062efa0001833f04,28,Male,No,No
43990.55039,43990.55294,IP Address,100,219,TRUE,43990.55295,R_AoDMztsXBAF0Rs5,anonymous,EN,Yes,Yes,Yes,Yes,Yes,5d262da76bd66700172661e1,£0.50 ,,0,I might get £0.55 but I might also get £0.00.,,0,0,0,0,0,0,0,0,0,0,1,1,2,10,10,0,£0.50 ,,0,I get £0.55 if my partner also chooses Option B. But I will get £0.00 if I choose this option and my partner does not.,,0,0,0,0,0,1,1,1,1,1,1,1,7,5,5,0,4,3,5d262da76bd66700172661e1,29,Female,Yes,Yes
43990.56127,43990.56343,IP Address,100,186,TRUE,43990.56344,R_1jcBrX5RKDuuLfU,anonymous,EN,Yes,Yes,Yes,Yes,Yes,5d266713cba1f900011c5ebf,£0.50 ,,0,I might get £0.55 but I might also get £0.00.,,0,0,0,0,1,1,0,1,0,0,1,0,4,4,8,1,£0.50 ,,0,I get £0.55 if my partner also chooses Option B. But I will get £0.00 if I choose this option and my partner does not.,,0,0,1,1,1,1,1,1,1,1,1,1,10,2,2,0,5,5,5d266713cba1f900011c5ebf,20,Male,Yes,Yes
43990.67247,43990.70089,IP Address,100,2455,TRUE,43990.7009,R_24u75UD0CAftJG9,anonymous,EN,Yes,Yes,Yes,Yes,Yes,5d293924af9e43001b1e4e22,£0.50 ,,0,I might get £0.55 but I might also get £0.00.,,0,0,0,0,0,0,0,0,0,1,1,1,3,9,9,0,£0.50 ,,0,I get £0.55 if my partner also chooses Option B. But I will get £0.00 if I choose this option and my partner does not.,,0,0,0,0,0,0,0,0,0,0,0,0,0,0,12,0,3,2,5d293924af9e43001b1e4e22,22,Male,Yes,Yes
43990.61051,43990.61366,IP Address,100,272,TRUE,43990.61367,R_3hchhVnie4cl0jd,anonymous,EN,Yes,Yes,Yes,Yes,Yes,5d2ca342f91bdd001ae993e6,£0.50 ,,0,I might get £0.55 but I might also get £0.00.,,0,0,0,0,0,0,0,0,0,1,1,1,3,9,9,0,£0.50 ,,0,I get £0.55 if my partner also chooses Option B. But I will get £0.00 if I choose this option and my partner does not.,,0,0,0,0,0,0,0,0,0,0,0,0,0,0,12,0,5,2,5d2ca342f91bdd001ae993e6,22,Female,Yes,Yes
43990.55686,43990.55966,IP Address,100,241,TRUE,43990.55967,R_1rOEJ8LsHWf99vi,anonymous,EN,Yes,Yes,Yes,Yes,Yes,5d2f421ce130cb001c6f68ce,£0.50 ,,0,I might get £0.55 but I might also get £0.00.,,0,0,1,1,1,1,1,1,1,1,1,1,10,2,2,0,£0.50 ,,0,I get £0.55 if my partner also chooses Option B. But I will get £0.00 if I choose this option and my partner does not.,,0,0,1,1,1,1,1,1,1,1,1,1,10,2,2,0,1,3,5d2f421ce130cb001c6f68ce,29,Female,Yes,Yes
43991.6026,43991.61313,IP Address,100,908,TRUE,43991.61313,R_2YzY4JjnjqtR69M,anonymous,EN,Yes,Yes,Yes,Yes,Yes,5d30429dfb16450016a7a0a9,£0.50 ,,0,I might get £0.55 but I might also get £0.00.,,0,0,0,0,0,1,1,0,1,1,1,1,6,5,6,1,£0.50 ,,0,I get £0.55 if my partner also chooses Option B. But I will get £0.00 if I choose this option and my partner does not.,,0,0,0,0,1,1,1,1,1,1,1,1,8,4,4,0,2,3,5d30429dfb16450016a7a0a9,20,Male,Yes,Yes
43990.55199,43990.55589,IP Address,100,337,TRUE,43990.5559,R_2Cfdhczo2t0o1qu,anonymous,EN,Yes,Yes,Yes,Yes,Yes,5d305e3ce3e63d0017069c80,£0.50 ,,0,I might get £0.55 but I might also get £0.00.,,0,0,1,1,1,1,1,1,1,1,1,1,10,2,2,0,£0.50 ,,0,I get £0.55 if my partner also chooses Option B. But I will get £0.00 if I choose this option and my partner does not.,,0,1,1,1,1,1,1,1,1,1,1,1,11,1,1,0,5,3,5d305e3ce3e63d0017069c80,21,Male,Yes,Yes
43990.60134,43990.60376,IP Address,100,208,TRUE,43990.60377,R_1OiZamDs7OipYVF,anonymous,EN,Yes,Yes,Yes,Yes,Yes,5d33c9fbcb8e950001c30a9b,£0.50 ,,0,I might get £0.55 but I might also get £0.00.,,0,0,0,0,0,0,0,1,1,1,1,1,5,7,7,0,£0.50 ,,0,I get £0.55 if my partner also chooses Option B. But I will get £0.00 if I choose this option and my partner does not.,,0,0,0,0,0,1,0,1,1,1,1,1,6,5,6,1,5,1,5d33c9fbcb8e950001c30a9b,25,Male,Yes,Yes
43990.78683,43990.78906,IP Address,100,192,TRUE,43990.78908,R_2fBh3pAdIBUdNoa,anonymous,EN,Yes,Yes,Yes,Yes,Yes,5d36f91a1efcc9001a259dcb,£0.50 ,,0,I might get £0.55 but I might also get £0.20.,I might get £0.55 but I might also get £0.00.,1,0,0,0,0,0,0,1,1,1,1,1,5,7,7,0,£0.50 ,,0,I get £0.55 if my partner also chooses Option B. But I will get £0.00 if I choose this option and my partner does not.,,0,0,0,0,1,1,1,1,1,1,1,1,8,4,4,0,4,5,5d36f91a1efcc9001a259dcb,20,Male,Yes,Yes
43990.62297,43990.62553,IP Address,100,220,TRUE,43990.62554,R_8A1fVqvLo2TdOi5,anonymous,EN,Yes,Yes,Yes,Yes,Yes,5d37496885596a00014686d9,£0.50 ,,0,I might get £0.55 but I might also get £0.00.,,0,0,0,0,0,0,0,1,1,1,1,1,5,7,7,0,£0.50 ,,0,I get £0.55 if my partner also chooses Option B. But I will get £0.00 if I choose this option and my partner does not.,,0,0,0,0,0,0,0,0,0,0,0,1,1,11,11,0,4,2,5d37496885596a00014686d9,20,Female,Yes,Yes
43990.75962,43990.76275,IP Address,100,271,TRUE,43990.76277,R_24CybBjvGfnTsmQ,anonymous,EN,Yes,Yes,Yes,Yes,Yes,5d3894798bb75200164c557e,£0.50 ,,0,I might get £0.55 but I might also get £0.00.,,0,0,0,0,0,0,0,1,1,1,1,1,5,7,7,0,£0.50 ,,0,I get £0.55 if my partner also chooses Option B. But I will get £0.00 if I choose this option and my partner does not.,,0,0,1,1,1,1,1,1,1,1,1,1,10,2,2,0,3,1,5d3894798bb75200164c557e,32,Female,No,No
43990.56418,43990.56646,IP Address,100,196,TRUE,43990.56647,R_SJFvpU3IgeYQIP7,anonymous,EN,Yes,Yes,Yes,Yes,Yes,5d3f2d5900fd1d001cfbb50b,£0.50 ,,0,I might get £0.55 but I might also get £0.00.,,0,0,0,0,0,0,0,1,1,1,1,1,5,7,7,0,£0.50 ,,0,I get £0.55 if my partner also chooses Option B. But I will get £0.00 if I choose this option and my partner does not.,,0,1,1,1,1,1,1,1,1,1,1,1,11,1,1,0,5,5,5d3f2d5900fd1d001cfbb50b,20,Male,No,Yes
43990.54338,43990.5464,IP Address,100,261,TRUE,43990.54641,R_pGkj1CSAJqX5UJz,anonymous,EN,Yes,Yes,Yes,Yes,Yes,5d3f31768e62d3001557d365,£0.50 ,,0,I might get £0.55 but I might also get £0.00.,,0,0,0,0,0,0,0,1,1,1,1,1,5,7,7,0,£0.50 ,,0,I get £0.55 if my partner also chooses Option B. But I will get £0.00 if I choose this option and my partner does not.,,0,1,1,1,1,1,1,1,1,1,1,1,11,1,1,0,5,4,5d3f31768e62d3001557d365,20,Non-binary,Yes,No
43990.55947,43990.56181,IP Address,100,201,TRUE,43990.56181,R_1P6O4QbgQm9pUNH,anonymous,EN,Yes,Yes,Yes,Yes,Yes,5d402eaf235a700019b9294b,£0.50 ,,0,I might get £0.55 but I might also get £0.00.,,0,0,0,0,0,0,0,1,1,1,1,1,5,7,7,0,£0.50 ,,0,I get £0.55 if my partner also chooses Option B. But I will get £0.00 if I choose this option and my partner does not.,,0,0,0,0,0,1,1,1,1,1,1,1,7,5,5,0,4,3,5d402eaf235a700019b9294b,18,Female,Yes,Yes
43990.54463,43990.54884,IP Address,100,363,TRUE,43990.54885,R_2YLNi8tj0GUIpJl,anonymous,EN,Yes,Yes,Yes,Yes,Yes,5d42bb4951bca600195fe398,£0.50 ,,0,I might get £0.55 but I might also get £0.00.,,0,0,1,1,1,1,1,1,1,1,1,1,10,2,2,0,£0.50 ,,0,I get £0.55 if my partner also chooses Option B. But I will get £0.00 if I choose this option and my partner does not.,,0,0,1,1,1,1,1,1,1,1,1,1,10,2,2,0,4,2,5d42bb4951bca600195fe398,23,Female,Yes,Yes
43990.54663,43990.54954,IP Address,100,251,TRUE,43990.54955,R_1gdnxQ6AJ2qeDCi,anonymous,EN,Yes,Yes,Yes,Yes,Yes,5d4573a4b2da940017184d16,£0.50 ,,0,I might get £0.55 but I might also get £0.00.,,0,0,0,0,0,1,1,1,1,1,1,1,7,5,5,0,£0.50 ,,0,I get £0.55 if my partner also chooses Option B. But I will get £0.00 if I choose this option and my partner does not.,,0,0,0,0,0,1,1,1,1,1,1,1,7,5,5,0,4,3,5d4573a4b2da940017184d16,45,Female,Yes,Yes
43990.54668,43990.54926,IP Address,100,222,TRUE,43990.54926,R_3pg9hA1qByDBCHi,anonymous,EN,Yes,Yes,Yes,Yes,Yes,5d45db642f66d0000112074b,£0.50 ,,0,I might get £0.55 but I might also get £0.00.,,0,0,1,1,1,1,1,1,1,1,1,1,10,2,2,0,£0.50 ,,0,I get £0.55 if my partner also chooses Option B. But I will get £0.00 if I choose this option and my partner does not.,,0,0,0,0,1,1,1,1,1,1,1,1,8,4,4,0,2,4,5d45db642f66d0000112074b,31,Female,No,Yes
43990.58042,43990.58343,IP Address,100,259,TRUE,43990.58343,R_2aDITf8SU2aYd5w,anonymous,EN,Yes,Yes,Yes,Yes,Yes,5d45e0d6f624e10001115092,£0.50 ,,0,I might get £0.55 but I might also get £0.00.,,0,0,0,0,1,1,1,1,1,1,1,1,8,4,4,0,£0.50 ,,0,I get £0.55 if my partner also chooses Option B. But I will get £0.00 if I choose this option and my partner does not.,,0,0,0,0,0,0,0,0,1,1,1,1,4,8,8,0,5,1,5d45e0d6f624e10001115092,31,Male,Yes,Yes
43990.56838,43990.57096,IP Address,100,223,TRUE,43990.57098,R_22zG113Ban1oM0b,anonymous,EN,Yes,Yes,Yes,Yes,Yes,5d4725646cdbdf001a122fea,£0.50 ,,0,I might get £0.55 but I might also get £0.00.,,0,0,0,0,0,0,0,0,1,1,1,1,4,8,8,0,£0.50 ,,0,I get £0.55 if my partner also chooses Option B. But I will get £0.00 if I choose this option and my partner does not.,,0,1,1,1,1,1,1,1,1,1,1,1,11,1,1,0,5,2,5d4725646cdbdf001a122fea,25,Male,Yes,Yes
43990.89169,43990.89469,IP Address,100,258,TRUE,43990.8947,R_2QStjFKoUGUugzg,anonymous,EN,Yes,Yes,Yes,Yes,Yes,5d472a20d7d4b80015384d58,£0.50 ,,0,I might get £0.55 but I might also get £0.00.,,0,0,0,0,0,0,0,0,0,0,0,0,0,0,12,0,£0.50 ,,0,I get £0.55 if my partner also chooses Option B. But I will get £0.00 if I choose this option and my partner does not.,,0,0,0,0,0,0,0,0,0,0,0,0,0,0,12,0,1,2,5d472a20d7d4b80015384d58,28,Male,Yes,No
43990.79441,43990.79814,IP Address,100,321,TRUE,43990.79814,R_s6wPc6yrn0sGuKB,anonymous,EN,Yes,Yes,Yes,Yes,Yes,5d485d7e173e52001afc3136,£0.50 ,,0,I might get £0.55 but I might also get £0.00.,,0,1,1,1,1,1,1,1,1,1,1,1,11,1,1,0,£0.50 ,,0,I get £0.55 if my partner also chooses Option B. But I will get £0.00 if I choose this option and my partner does not.,,0,0,0,0,0,0,0,0,0,1,1,1,3,9,9,0,4,3,5d485d7e173e52001afc3136,36,Male,Yes,Yes
43990.55245,43990.55726,IP Address,100,415,TRUE,43990.55727,R_1pFjmwlZnWIlLl7,anonymous,EN,Yes,Yes,Yes,Yes,Yes,5d49517db30ae500195794cd,£0.50 ,,0,I might get £0.55 but I might also get £0.00.,,0,0,0,0,0,1,1,1,1,1,1,1,7,5,5,0,£0.50 ,,0,I get £0.55 if my partner also chooses Option B. But I will get £0.00 if I choose this option and my partner does not.,,0,0,0,0,0,1,2,1,1,1,1,1,8,5,5,0,4,3,5d49517db30ae500195794cd,29,Male,No,No
43990.60625,43990.60919,IP Address,100,253,TRUE,43990.6092,R_1mQrxLXRXUmcDd8,anonymous,EN,Yes,Yes,Yes,Yes,Yes,5d495ad410bee7001bd0f4ee,£0.50 ,,0,I might get £0.55 but I might also get £0.00.,,0,0,0,0,0,0,0,0,0,0,0,1,1,11,11,0,£0.50 ,,0,I get £0.55 if my partner also chooses Option B. But I will get £0.00 if I choose this option and my partner does not.,,0,1,1,1,1,1,1,1,1,1,1,1,11,1,1,0,3,3,5d495ad410bee7001bd0f4ee,23,Female,Yes,Yes
43990.54912,43990.55176,IP Address,100,227,TRUE,43990.55177,R_2UeYgRbFXndiPiF,anonymous,EN,Yes,Yes,Yes,Yes,Yes,5d4a0c84029c3000010a8718,£0.50 ,,0,I might get £0.55 but I might also get £0.00.,,0,0,0,0,0,0,0,1,1,1,1,1,5,7,7,0,£0.50 ,,0,I get £0.55 if my partner also chooses Option B. But I will get £0.00 if I choose this option and my partner does not.,,0,1,1,1,1,1,1,1,1,1,1,1,11,1,1,0,3,3,5d4a0c84029c3000010a8718,20,Male,No,No
43990.59907,43990.60256,IP Address,100,300,TRUE,43990.60256,R_3oMTiugTUleFJSA,anonymous,EN,Yes,Yes,Yes,Yes,Yes,5d4a996b1bff1d000144fae6,£0.50 ,,0,I might get £0.55 but I might also get £0.00.,,0,0,0,0,0,0,0,0,0,0,1,0,1,10,11,1,£0.50 ,,0,I get £0.55 if my partner also chooses Option B. But I will get £0.00 if I choose this option and my partner does not.,,0,0,0,0,0,0,0,0,0,1,1,1,3,9,9,0,2,3,5d4a996b1bff1d000144fae6,18,Male,Yes,Yes
43990.8553,43990.86015,IP Address,100,419,TRUE,43990.86016,R_2sRaHJEBd8b0ZY5,anonymous,EN,Yes,Yes,Yes,Yes,Yes,5d4b143e080b2f00183ed10c,£0.50 ,,0,I might get £0.55 but I might also get £0.00.,,0,0,0,0,0,1,1,1,1,1,1,1,7,5,5,0,£0.50 ,,0,I get £0.55 if my partner also chooses Option B. But I will get £0.00 if I choose this option and my partner does not.,,0,0,1,1,1,1,1,1,1,1,1,1,10,2,2,0,4,2,5d4b143e080b2f00183ed10c,35,Female,Yes,Yes
43990.54946,43990.55218,IP Address,100,234,TRUE,43990.55218,R_r7ML8uQ15XkKe4h,anonymous,EN,Yes,Yes,Yes,Yes,Yes,5d4bb6ea2a4a2f00014e262f,£0.50 ,,0,I might get £0.55 but I might also get £0.00.,,0,0,0,0,0,0,0,0,1,1,1,1,4,8,8,0,£0.50 ,,0,I get £0.55 if my partner also chooses Option B. But I will get £0.00 if I choose this option and my partner does not.,,0,0,0,0,0,0,0,0,1,1,1,1,4,8,8,0,1,1,5d4bb6ea2a4a2f00014e262f,20,Female,Yes,No
43990.60126,43990.60508,IP Address,100,330,TRUE,43990.60509,R_1hW71N1TaAEwWLa,anonymous,EN,Yes,Yes,Yes,Yes,Yes,5d4dd6ec1a3a47000142b40d,£0.50 ,,0,I might get £0.55 but I might also get £0.00.,,0,0,0,0,0,0,0,0,0,1,1,1,3,9,9,0,£0.50 ,,0,I get £0.55 if my partner also chooses Option B. But I will get £0.00 if I choose this option and my partner does not.,,0,0,0,0,0,0,0,0,0,1,3,1,5,9,9,0,5,5,5d4dd6ec1a3a47000142b40d,26,Female,Yes,Yes
43990.59985,43990.60222,IP Address,100,204,TRUE,43990.60223,R_YWZeJnW7BjmE9fH,anonymous,EN,Yes,Yes,Yes,Yes,Yes,5d5167d1374c5d0001b56d8b,£0.50 ,,0,I might get £0.55 but I might also get £0.00.,,0,0,1,0,0,0,1,0,1,1,1,1,6,2,6,1,£0.50 ,,0,I get £0.55 if my partner also chooses Option B. But I will get £0.00 if I choose this option and my partner does not.,,0,0,0,1,1,1,1,1,1,1,1,1,9,3,3,0,1,1,5d5167d1374c5d0001b56d8b,50,Female,Yes,Yes
43990.55685,43990.56076,IP Address,100,337,TRUE,43990.56077,R_2ATnYJO6hqgsXqB,anonymous,EN,Yes,Yes,Yes,Yes,Yes,5d52e8962d61440001ac572d,£0.50 ,,0,I might get £0.55 but I might also get £0.00.,,0,0,0,0,0,1,1,0,1,1,1,1,6,5,6,1,£0.50 ,,0,I get £0.55 if my partner also chooses Option B. But I will get £0.00 if I choose this option and my partner does not.,,0,0,1,1,1,1,1,1,1,1,1,1,10,2,2,0,1,4,5d52e8962d61440001ac572d,36,Male,Yes,Yes
43990.66285,43990.66591,IP Address,100,265,TRUE,43990.66593,R_33sEVlQD7L91eJs,anonymous,EN,Yes,Yes,Yes,Yes,Yes,5d54678e182ac900184988c3,£0.50 ,,0,I might get £0.55 but I might also get £0.00.,,0,0,0,0,0,0,0,1,1,1,1,1,5,7,7,0,£0.50 ,,0,I get £0.55 if my partner also chooses Option B. But I will get £0.00 if I choose this option and my partner does not.,,0,0,1,1,1,1,1,1,1,1,1,1,10,2,2,0,3,2,5d54678e182ac900184988c3,22,Female,Yes,Yes
43990.54632,43990.55111,IP Address,100,414,TRUE,43990.55112,R_DHnvvfwL0pbtoNb,anonymous,EN,Yes,Yes,Yes,Yes,Yes,5d553414092f860001ceb313,£0.50 ,,0,I might get £0.55 but I might also get £0.00.,,0,0,0,0,0,0,0,0,0,1,0,1,2,9,10,1,£0.50 ,,0,I get £0.55 if my partner also chooses Option B. But I will get £0.00 if I choose this option and my partner does not.,,0,1,1,1,1,1,1,1,1,1,1,1,11,1,1,0,4,3,5d553414092f860001ceb313,25,Male,No,No
43990.54841,43990.55145,IP Address,100,261,TRUE,43990.55145,R_10O9FeGUXthd8rQ,anonymous,EN,Yes,Yes,Yes,Yes,Yes,5d57d9e2e1e7440001132fb3,£0.50 ,,0,I might get £0.55 but I might also get £0.00.,,0,0,0,0,0,0,0,0,0,1,1,1,3,9,9,0,£0.50 ,,0,I get £0.55 if my partner also chooses Option B. But I will get £0.00 if I choose this option and my partner does not.,,0,1,1,1,1,1,1,1,1,1,1,1,11,1,1,0,2,4,5d57d9e2e1e7440001132fb3,30,Male,Yes,Yes
43990.66226,43990.66522,IP Address,100,256,TRUE,43990.66523,R_0lkAVdXAEXoo7ZL,anonymous,EN,Yes,Yes,Yes,Yes,Yes,5d5819147ca41f001ae97338,£0.50 ,,0,I might get £0.55 but I might also get £0.00.,,0,0,0,0,0,0,1,1,1,1,1,1,6,6,6,0,£0.50 ,,0,I get £0.55 if my partner also chooses Option B. But I will get £0.00 if I choose this option and my partner does not.,,0,0,0,0,0,0,0,0,0,0,0,0,0,0,12,0,5,2,5d5819147ca41f001ae97338,19,Female,Yes,Yes
43990.68789,43990.69461,IP Address,100,580,TRUE,43990.69461,R_vMiUdCeWpgbguHv,anonymous,EN,Yes,Yes,Yes,Yes,Yes,5d59529f6867ef0019e439dc,£0.50 ,,0,I might get £0.55 but I might also get £0.00.,,0,0,0,0,0,0,1,1,1,1,1,1,6,6,6,0,£0.50 ,,0,I get £0.55 if my partner also chooses Option B. But I will get £0.00 if I choose this option and my partner does not.,,0,0,0,0,0,0,0,0,0,1,4,1,6,9,9,0,5,3,5d59529f6867ef0019e439dc,55,Female,Yes,No
43990.73737,43990.73997,IP Address,100,224,TRUE,43990.73998,R_cZ0JS1RJjTh4X4Z,anonymous,EN,Yes,Yes,Yes,Yes,Yes,5d5988df44609300192e3521,£0.50 ,,0,I might get £0.55 but I might also get £0.00.,,0,0,0,0,1,1,0,1,0,0,1,0,4,4,8,1,£0.50 ,,0,I get £0.55 if my partner also chooses Option B. But I will get £0.00 if I choose this option and my partner does not.,,0,1,1,1,1,1,1,1,1,1,1,1,11,1,1,0,1,2,5d5988df44609300192e3521,26,Male,No,Yes
43990.5585,43990.56204,IP Address,100,306,TRUE,43990.56205,R_3NTEs5nq0po2T17,anonymous,EN,Yes,Yes,Yes,Yes,Yes,5d5a676b730f690001c8f59c,£0.50 ,,0,I might get £0.55 but I might also get £0.00.,,0,0,0,0,0,1,1,1,1,1,1,1,7,5,5,0,£0.50 ,,0,I get £0.55 if my partner also chooses Option B. But I will get £0.00 if I choose this option and my partner does not.,,0,0,0,0,0,0,0,1,1,1,1,1,5,7,7,0,4,3,5d5a676b730f690001c8f59c,34,Male,Yes,Yes
43990.55604,43990.55961,IP Address,100,307,TRUE,43990.55961,R_3iseUnrxZhS1Xmb,anonymous,EN,Yes,Yes,Yes,Yes,Yes,5d5a760de295b5001aefd5ba,£0.50 ,,0,I might get £0.55 but I might also get £0.00.,,0,0,0,0,0,0,0,0,0,0,1,1,2,10,10,0,£0.50 ,,0,I get £0.55 if my partner also chooses Option B. But I will get £0.00 if I choose this option and my partner does not.,,0,0,0,0,1,1,1,1,1,1,1,1,8,4,4,0,2,5,5d5a760de295b5001aefd5ba,48,Male,Yes,Yes
43990.58177,43990.58429,IP Address,100,217,TRUE,43990.58431,R_2B3ODzlukeMLwuH,anonymous,EN,Yes,Yes,Yes,Yes,Yes,5d5a7953aaf28300163f7ce0,£0.50 ,,0,I might get £0.55 but I might also get £0.00.,,0,1,1,1,1,1,1,1,1,1,1,1,11,1,1,0,£0.50 ,,0,I get £0.55 if my partner also chooses Option B. But I will get £0.00 if I choose this option and my partner does not.,,0,0,1,1,1,1,1,1,1,1,1,1,10,2,2,0,5,4,5d5a7953aaf28300163f7ce0,33,Male,Yes,Yes
43990.54395,43990.54742,IP Address,100,300,TRUE,43990.54743,R_1FPnaGvfVhtaYQ7,anonymous,EN,Yes,Yes,Yes,Yes,Yes,5d5bcd6c0802ee001608c5a8,£0.50 ,,0,I might get £0.55 but I might also get £0.00.,,0,1,1,1,1,1,1,1,1,1,1,1,11,1,1,0,£0.50 ,,0,I get £0.55 if my partner also chooses Option B. But I will get £0.00 if I choose this option and my partner does not.,,0,1,1,1,1,1,1,1,1,1,1,1,11,1,1,0,4,2,5d5bcd6c0802ee001608c5a8,24,Male,Yes,Yes
43990.78313,43990.78641,IP Address,100,284,TRUE,43990.78642,R_2oB3upK1Tcx3JgB,anonymous,EN,Yes,Yes,Yes,Yes,Yes,5d5c7b0c98683400182d00cb,£0.50 ,,0,I might get £0.55 but I might also get £0.00.,,0,0,0,0,0,0,0,0,0,1,1,1,3,9,9,0,£0.50 ,,0,I get £0.55 if my partner also chooses Option B. But I will get £0.00 if I choose this option and my partner does not.,,0,0,0,0,0,1,1,1,1,1,1,1,7,5,5,0,4,3,5d5c7b0c98683400182d00cb,19,Female,Yes,Yes
43990.60147,43990.6035,IP Address,100,174,TRUE,43990.6035,R_AnWehIv9qImExdD,anonymous,EN,Yes,Yes,Yes,Yes,Yes,5d5d4bd87bc8c30018b45685,£0.50 ,,0,I might get £0.55 but I might also get £0.00.,,0,0,1,1,1,1,1,1,1,1,1,1,10,2,2,0,£0.50 ,,0,I get £0.55 if my partner also chooses Option B. But I will get £0.00 if I choose this option and my partner does not.,,0,0,0,0,0,0,0,0,0,0,0,0,0,0,12,0,1,4,5d5d4bd87bc8c30018b45685,22,Male,Yes,Yes
43990.84296,43990.84551,IP Address,100,220,TRUE,43990.84552,R_3NQl8UQxu9mLw2B,anonymous,EN,Yes,Yes,Yes,Yes,Yes,5d616b958ed74600190e7f80,£0.50 ,,0,I might get £0.55 but I might also get £0.00.,,0,0,1,0,0,0,1,0,1,1,1,1,6,2,6,1,£1.00 ,£0.50 ,1,I get £0.55 if my partner also chooses Option B. But I will get £0.00 if I choose this option and my partner does not.,,0,0,0,0,0,0,0,0,1,1,1,1,4,8,8,0,2,1,5d616b958ed74600190e7f80,24,Female,Yes,No
43991.5584,43991.57106,IP Address,100,1094,TRUE,43991.57108,R_3rM0CQwshv2qYst,anonymous,EN,Yes,Yes,Yes,Yes,Yes,5d62772d6512d700019fafcb,£0.50 ,,0,I might get £0.55 but I might also get £0.20.,I might get £0.55 but I might also get £0.00.,1,0,0,0,0,0,1,1,1,1,1,1,6,6,6,0,£1.00 ,£0.25 ,2,I get £0.55 if my partner also chooses Option B. But I will get £0.00 if I choose this option and my partner does not.,,0,0,1,1,1,1,1,1,1,1,1,1,10,2,2,0,4,3,5d62772d6512d700019fafcb,23,Female,Yes,Yes
43990.54513,43990.54669,IP Address,100,135,TRUE,43990.5467,R_OAP2DtHIf9EcSfT,anonymous,EN,Yes,Yes,Yes,Yes,Yes,5d629f1d15bb0e00015e4d94,£0.50 ,,0,I might get £0.55 but I might also get £0.00.,,0,1,1,1,1,1,1,1,1,1,1,1,11,1,1,0,£0.50 ,,0,I get £0.55 if my partner also chooses Option B. But I will get £0.00 if I choose this option and my partner does not.,,0,0,1,1,1,1,1,1,1,1,1,1,10,2,2,0,5,2,5d629f1d15bb0e00015e4d94,20,Male,Yes,Yes
43990.63019,43990.63404,IP Address,100,333,TRUE,43990.63405,R_20M7MlGZnKjbc3a,anonymous,EN,Yes,Yes,Yes,Yes,Yes,5d62a070364f9a0015f1dbc6,£0.50 ,,0,I might get £0.55 but I might also get £0.00.,,0,0,0,0,0,0,0,0,0,0,1,1,2,10,10,0,£0.50 ,,0,I get £0.55 if my partner also chooses Option B. But I will get £0.00 if I choose this option and my partner does not.,,0,0,0,1,1,1,1,1,1,1,1,1,9,3,3,0,4,4,5d62a070364f9a0015f1dbc6,29,Male,Yes,Yes
43990.54675,43990.55359,IP Address,100,591,TRUE,43990.5536,R_3fZYYaNSSIAy4C9,anonymous,EN,Yes,Yes,Yes,Yes,Yes,5d66f23706e589000157e7ec,£0.50 ,,0,I might get £0.55 but I might also get £0.00.,,0,0,0,0,0,0,0,0,0,0,0,0,0,0,12,0,£0.50 ,,0,I get £0.55 if my partner also chooses Option B. But I will get £0.00 if I choose this option and my partner does not.,,0,0,0,0,0,0,1,1,1,1,1,1,6,6,6,0,1,3,5d66f23706e589000157e7ec,25,Male,Yes,Yes
43990.66382,43990.66797,IP Address,100,358,TRUE,43990.66798,R_4JFyE2Z1lXVwAAV,anonymous,EN,Yes,Yes,Yes,Yes,Yes,5d66f3487b64370001aedf5c,£0.50 ,,0,I might get £0.55 but I might also get £0.00.,,0,0,0,0,0,0,0,1,1,1,1,1,5,7,7,0,£0.50 ,,0,I get £0.55 if my partner also chooses Option B. But I will get £0.00 if I choose this option and my partner does not.,,0,1,1,1,1,1,1,1,1,1,1,1,11,1,1,0,1,4,5d66f3487b64370001aedf5c,27,Female,Yes,No
43990.70049,43990.70418,IP Address,100,319,TRUE,43990.70419,R_2P7kqErYMAMyarO,anonymous,EN,Yes,Yes,Yes,Yes,Yes,5d690f9a8d6d9d00010815cc,£0.50 ,,0,I might get £0.55 but I might also get £0.00.,,0,0,0,0,0,0,0,0,0,0,0,1,1,11,11,0,£0.50 ,,0,I get £0.55 if my partner also chooses Option B. But I will get £0.00 if I choose this option and my partner does not.,,0,0,1,1,1,1,1,1,1,1,1,1,10,2,2,0,4,4,5d690f9a8d6d9d00010815cc,28,Female,Yes,Yes
43990.54534,43990.54826,IP Address,100,253,TRUE,43990.54828,R_3KxX04khC5rhRIu,anonymous,EN,Yes,Yes,Yes,Yes,Yes,5d6c12352e6bbb001a122cef,£0.50 ,,0,I might get £0.55 but I might also get £0.00.,,0,0,0,0,0,0,0,0,0,1,1,1,3,9,9,0,£0.50 ,,0,I get £0.55 if my partner also chooses Option B. But I will get £0.00 if I choose this option and my partner does not.,,0,0,0,0,0,0,0,0,0,1,1,1,3,9,9,0,4,3,5d6c12352e6bbb001a122cef,23,Female,Yes,Yes
43990.62176,43990.62625,IP Address,100,387,TRUE,43990.62626,R_3j87IUKSEPDA5hx,anonymous,EN,Yes,Yes,Yes,Yes,Yes,5d6d82acab68f90001f53194,£0.50 ,,0,I might get £0.55 but I might also get £0.00.,,0,0,0,0,0,0,0,0,1,1,1,1,4,8,8,0,£0.50 ,,0,I get £0.55 if my partner also chooses Option B. But I will get £0.00 if I choose this option and my partner does not.,,0,0,0,0,0,1,0,1,0,0,0,0,2,5,10,1,2,5,5d6d82acab68f90001f53194,20,Male,Yes,No
43990.56175,43990.5639,IP Address,100,186,TRUE,43990.56391,R_sqkBbLmZqIujutH,anonymous,EN,Yes,Yes,Yes,Yes,Yes,5d6ff13f0fbfc50018f710fc,£0.50 ,,0,I might get £0.55 but I might also get £0.00.,,0,0,0,0,1,1,1,1,1,1,1,1,8,4,4,0,£0.50 ,,0,I get £0.55 if my partner also chooses Option B. But I will get £0.00 if I choose this option and my partner does not.,,0,0,0,0,0,0,0,1,1,1,1,1,5,7,7,0,5,4,5d6ff13f0fbfc50018f710fc,19,Male,Yes,Yes
43990.54806,43990.5498,IP Address,100,151,TRUE,43990.54981,R_2tmWNroG5lLU5kR,anonymous,EN,Yes,Yes,Yes,Yes,Yes,5d775016384b51001555a7d0,£0.50 ,,0,I might get £0.55 but I might also get £0.00.,,0,0,0,1,0,1,0,0,1,0,1,1,5,3,7,1,£0.50 ,,0,I get £0.55 if my partner also chooses Option B. But I will get £0.00 if I choose this option and my partner does not.,,0,0,0,0,0,0,0,0,0,0,0,0,0,0,12,0,3,4,5d775016384b51001555a7d0,27,Male,Yes,Yes
43990.56679,43990.57209,IP Address,100,458,TRUE,43990.5721,R_2v8nqqfxnQ4joBH,anonymous,EN,Yes,Yes,Yes,Yes,Yes,5d779a30f80b9e00165b3772,£0.50 ,,0,I might get £0.55 but I might also get £0.00.,,0,0,1,1,1,1,0,1,1,0,0,0,6,2,6,1,£0.50 ,,0,I get £0.55 if my partner also chooses Option B. But I will get £0.00 if I choose this option and my partner does not.,,0,0,0,0,0,1,1,1,1,1,1,1,7,5,5,0,4,2,5d779a30f80b9e00165b3772,36,Male,Yes,No
43990.54339,43990.5466,IP Address,100,277,TRUE,43990.54661,R_ZwS0rKrCCvKpwKl,anonymous,EN,Yes,Yes,Yes,Yes,Yes,5d77a0076c5b870018acbd06,£0.50 ,,0,I might get £0.55 but I might also get £0.00.,,0,0,0,0,0,0,0,1,1,1,1,1,5,7,7,0,£0.50 ,,0,I get £0.55 if my partner also chooses Option B. But I will get £0.00 if I choose this option and my partner does not.,,0,0,0,0,1,1,1,1,1,1,1,1,8,4,4,0,4,1,5d77a0076c5b870018acbd06,36,Male,Yes,Yes
43990.56553,43990.57204,IP Address,100,562,TRUE,43990.57205,R_3iC0Gv6c5opiSBk,anonymous,EN,Yes,Yes,Yes,Yes,Yes,5d77bc0a4503c30001c724b8,£0.50 ,,0,I might get £0.55 but I might also get £0.00.,,0,0,0,0,0,0,0,0,0,0,0,0,0,0,12,0,£0.50 ,,0,I get £0.55 if my partner also chooses Option B. But I will get £0.00 if I choose this option and my partner does not.,,0,0,0,0,0,0,0,1,2,1,1,1,6,7,7,0,5,1,5d77bc0a4503c30001c724b8,20,Male,Yes,Yes
43990.60538,43990.60793,IP Address,100,220,TRUE,43990.60794,R_3PXoTDGch8dnVQJ,anonymous,EN,Yes,Yes,Yes,Yes,Yes,5d78c37c22b28b00015b87d7,£0.50 ,,0,I might get £0.55 but I might also get £0.00.,,0,0,0,0,1,1,1,1,1,1,1,1,8,4,4,0,£0.50 ,,0,I get £0.55 if my partner also chooses Option B. But I will get £0.00 if I choose this option and my partner does not.,,0,0,0,0,0,0,0,0,0,1,1,1,3,9,9,0,5,4,5d78c37c22b28b00015b87d7,21,Male,No,Yes
43990.54259,43990.54559,IP Address,100,259,TRUE,43990.5456,R_40owVbxVywbHf7H,anonymous,EN,Yes,Yes,Yes,Yes,Yes,5d7bf8a35357a2000157090b,£0.50 ,,0,I might get £0.55 but I might also get £0.00.,,0,0,0,0,0,0,0,0,0,0,1,1,2,10,10,0,£0.50 ,,0,I get £0.55 if my partner also chooses Option B. But I will get £0.00 if I choose this option and my partner does not.,,0,0,0,0,0,0,0,0,0,0,1,1,2,10,10,0,5,3,5d7bf8a35357a2000157090b,21,Female,Yes,Yes
43990.6214,43990.62384,IP Address,100,211,TRUE,43990.62385,R_3FPZFtP01QniWxF,anonymous,EN,Yes,Yes,Yes,Yes,Yes,5d7e515b0cdaca001673fc44,£0.50 ,,0,I might get £0.55 but I might also get £0.00.,,0,0,0,0,0,0,1,1,1,1,1,1,6,6,6,0,£0.50 ,,0,I get £0.55 if my partner also chooses Option B. But I will get £0.00 if I choose this option and my partner does not.,,0,0,0,0,0,1,1,1,1,1,1,1,7,5,5,0,4,4,5d7e515b0cdaca001673fc44,22,Male,Yes,Yes
43991.30058,43991.30493,IP Address,100,376,TRUE,43991.30495,R_2WNcOBU69ZKKWC7,anonymous,EN,Yes,Yes,Yes,Yes,Yes,5d80f06ec7470f0001e8464c,£0.50 ,,0,I might get £0.55 but I might also get £0.00.,,0,0,0,0,0,0,0,0,1,1,1,1,4,8,8,0,£0.50 ,,0,I get £0.55 if my partner also chooses Option B. But I will get £0.00 if I choose this option and my partner does not.,,0,1,1,1,1,1,1,1,1,1,1,1,11,1,1,0,3,3,5d80f06ec7470f0001e8464c,29,Male,Yes,Yes
43990.55726,43990.56406,IP Address,100,587,TRUE,43990.56407,R_2Ec7gDiLXsYxGaP,anonymous,EN,Yes,Yes,Yes,Yes,Yes,5d84d32ae404a9001acc9ab2,£0.50 ,,0,I might get £0.55 but I might also get £0.00.,,0,0,0,0,0,0,0,1,0,1,1,1,4,7,8,1,£0.50 ,,0,I get £0.55 if my partner also chooses Option B. But I will get £0.00 if I choose this option and my partner does not.,,0,0,0,0,0,0,0,0,0,0,0,0,0,0,12,0,3,4,5d84d32ae404a9001acc9ab2,28,Male,Yes,Yes
43990.55177,43990.55435,IP Address,100,222,TRUE,43990.55435,R_3scy47ROAfuAXui,anonymous,EN,Yes,Yes,Yes,Yes,Yes,5d87415472aeb000012913d6,£0.50 ,,0,I might get £0.55 but I might also get £0.00.,,0,0,0,0,0,0,0,0,0,0,0,0,0,0,12,0,£0.50 ,,0,I get £0.55 if my partner also chooses Option B. But I will get £0.00 if I choose this option and my partner does not.,,0,1,1,1,1,1,1,1,1,1,1,1,11,1,1,0,4,2,5d87415472aeb000012913d6,22,Female,No,No
43990.77009,43990.77271,IP Address,100,225,TRUE,43990.77271,R_2645Nrdb1IAP7uk,anonymous,EN,Yes,Yes,Yes,Yes,Yes,5d8794b64a462d001a65469d,£0.50 ,,0,I might get £0.55 but I might also get £0.00.,,0,0,0,0,0,0,0,0,0,0,0,1,1,11,11,0,£0.50 ,,0,I get £0.55 if my partner also chooses Option B. But I will get £0.00 if I choose this option and my partner does not.,,0,0,0,0,0,0,0,0,0,1,1,1,3,9,9,0,5,1,5d8794b64a462d001a65469d,24,Male,Yes,Yes
43990.63359,43990.63819,IP Address,100,397,TRUE,43990.6382,R_2WBF99eITlLEOot,anonymous,EN,Yes,Yes,Yes,Yes,Yes,5d88b411da95610015e2a963,£0.50 ,,0,I might get £0.55 but I might also get £0.00.,,0,0,0,0,0,0,1,1,1,1,1,1,6,6,6,0,£0.50 ,,0,I get £0.55 if my partner also chooses Option B. But I will get £0.00 if I choose this option and my partner does not.,,0,0,0,0,1,1,1,1,1,1,1,1,8,4,4,0,3,4,5d88b411da95610015e2a963,31,Female,No,No
43990.54209,43990.5516,IP Address,100,821,TRUE,43990.5516,R_33yiMbeZa3jWmbo,anonymous,EN,Yes,Yes,Yes,Yes,Yes,5d89c5bd2cbec60017e976f3,£0.50 ,,0,I might get £0.55 but I might also get £0.00.,,0,0,0,0,0,0,0,0,0,0,0,1,1,11,11,0,£0.50 ,,0,I get £0.55 if my partner also chooses Option B. But I will get £0.00 if I choose this option and my partner does not.,,0,0,0,0,0,1,1,1,1,1,1,1,7,5,5,0,3,3,5d89c5bd2cbec60017e976f3,26,Male,Yes,Yes
43990.54931,43990.55373,IP Address,100,382,TRUE,43990.55374,R_2PpOLa1dkjc0YYt,anonymous,EN,Yes,Yes,Yes,Yes,Yes,5d8aa1e3eab19600163d9ab7,£0.50 ,,0,I might get £0.55 but I might also get £0.00.,,0,0,0,0,0,1,1,1,1,1,1,1,7,5,5,0,£0.50 ,,0,I get £0.55 if my partner also chooses Option B. But I will get £0.00 if I choose this option and my partner does not.,,0,0,0,0,0,0,1,1,1,1,1,1,6,6,6,0,3,4,5d8aa1e3eab19600163d9ab7,22,Male,Yes,Yes
43990.54264,43990.54566,IP Address,100,260,TRUE,43990.54567,R_1isWvX2ISaf0e1O,anonymous,EN,Yes,Yes,Yes,Yes,Yes,5d8c9182bc22d700191aef2b,£0.50 ,,0,I might get £0.55 but I might also get £0.00.,,0,0,0,0,0,0,0,0,0,1,1,1,3,9,9,0,£0.50 ,,0,I get £0.55 if my partner also chooses Option B. But I will get £0.00 if I choose this option and my partner does not.,,0,0,0,0,0,0,0,0,1,1,1,1,4,8,8,0,4,3,5d8c9182bc22d700191aef2b,37,Male,Yes,Yes
43990.54572,43990.55041,IP Address,100,405,TRUE,43990.55041,R_xrqcl9lvm6IFlqp,anonymous,EN,Yes,Yes,Yes,Yes,Yes,5d8d03a1704e2300160ec8a6,£0.50 ,,0,I might get £0.55 but I might also get £0.00.,,0,0,0,0,0,1,1,1,1,1,1,1,7,5,5,0,£0.50 ,,0,I get £0.55 if my partner also chooses Option B. But I will get £0.00 if I choose this option and my partner does not.,,0,0,0,0,0,1,1,1,1,1,1,1,7,5,5,0,4,2,5d8d03a1704e2300160ec8a6,28,Female,Yes,No
43990.75531,43990.75823,IP Address,100,251,TRUE,43990.75823,R_YRzX2mAIuXuVMyZ,anonymous,EN,Yes,Yes,Yes,Yes,Yes,5d8e151d135ff500192b6992,£0.50 ,,0,I might get £0.55 but I might also get £0.00.,,0,0,0,0,0,1,1,1,1,1,1,1,7,5,5,0,£0.50 ,,0,I get £0.55 if my partner also chooses Option B. But I will get £0.00 if I choose this option and my partner does not.,,0,1,0,0,0,0,0,0,0,1,1,1,4,1,8,1,3,4,5d8e151d135ff500192b6992,20,Female,Yes,Yes
43990.54457,43990.54639,IP Address,100,157,TRUE,43990.5464,R_3kuqSd1ylcxG65r,anonymous,EN,Yes,Yes,Yes,Yes,Yes,5d9376bce476fb00183c7419,£0.50 ,,0,I might get £0.55 but I might also get £0.00.,,0,0,0,0,0,0,0,0,0,0,0,1,1,11,11,0,£0.50 ,,0,I get £0.55 if my partner also chooses Option B. But I will get £0.00 if I choose this option and my partner does not.,,0,0,0,0,0,0,0,0,0,0,0,1,1,11,11,0,2,4,5d9376bce476fb00183c7419,27,Male,Yes,Yes
43990.55318,43990.55523,IP Address,100,176,TRUE,43990.55524,R_3MusdkAr9CUT6Hq,anonymous,EN,Yes,Yes,Yes,Yes,Yes,5d93d16d913bf2001a6f9017,£0.50 ,,0,I might get £0.55 but I might also get £0.00.,,0,0,0,0,1,0,0,1,1,1,1,1,6,4,6,1,£0.50 ,,0,I get £0.55 if my partner also chooses Option B. But I will get £0.00 if I choose this option and my partner does not.,,0,0,1,1,1,1,1,1,1,1,1,1,10,2,2,0,3,2,5d93d16d913bf2001a6f9017,23,Female,Yes,Yes
43990.8023,43990.80502,IP Address,100,234,TRUE,43990.80503,R_12QOhih6Akvyusf,anonymous,EN,Yes,Yes,Yes,Yes,Yes,5d94cf46ca3f1d0018b53dd2,£0.50 ,,0,I might get £0.55 but I might also get £0.00.,,0,0,0,0,0,0,0,0,0,1,1,1,3,9,9,0,£0.50 ,,0,I get £0.55 if my partner also chooses Option B. But I will get £0.00 if I choose this option and my partner does not.,,0,0,0,1,1,1,1,1,1,1,1,1,9,3,3,0,4,2,5d94cf46ca3f1d0018b53dd2,25,Female,Yes,No
43990.59547,43990.59963,IP Address,100,359,TRUE,43990.59964,R_z0U4L1jOUCOXQWd,anonymous,EN,Yes,Yes,Yes,Yes,Yes,5d950b96e3dd74001827dcd0,£0.50 ,,0,I might get £0.55 but I might also get £0.00.,,0,0,0,0,0,0,0,0,0,1,1,1,3,9,9,0,£0.50 ,,0,I get £0.55 if my partner also chooses Option B. But I will get £0.00 if I choose this option and my partner does not.,,0,0,1,1,1,1,1,1,1,1,1,1,10,2,2,0,4,2,5d950b96e3dd74001827dcd0,18,Female,Yes,Yes
43990.82568,43990.83153,IP Address,100,504,TRUE,43990.83154,R_3MfJQIl1g2mrXFS,anonymous,EN,Yes,Yes,Yes,Yes,Yes,5d95bb3a2316f60017b85837,£0.50 ,,0,I might get £0.55 but I might also get £0.00.,,0,0,0,0,1,0,1,1,1,1,1,1,7,4,5,1,£0.50 ,,0,I get £0.55 if my partner also chooses Option B. But I will get £0.00 if I choose this option and my partner does not.,,0,0,1,1,1,1,1,1,1,1,1,1,10,2,2,0,4,2,5d95bb3a2316f60017b85837,33,Female,No,No
43990.54669,43990.54907,IP Address,100,206,TRUE,43990.54908,R_vDGkb30EgdRKSKR,anonymous,EN,Yes,Yes,Yes,Yes,Yes,5d964f340849000013172b22,£0.50 ,,0,I might get £0.55 but I might also get £0.00.,,0,0,0,0,1,0,0,1,1,1,1,1,6,4,6,1,£0.50 ,,0,I get £0.55 if my partner also chooses Option B. But I will get £0.00 if I choose this option and my partner does not.,,0,0,0,0,0,0,0,1,0,1,1,1,4,7,8,1,3,2,5d964f340849000013172b22,30,Female,Yes,Yes
43990.58241,43990.58478,IP Address,100,205,TRUE,43990.5848,R_1hSwsCWqqVJloVP,anonymous,EN,Yes,Yes,Yes,Yes,Yes,5d97ba9f9fcbb700151bbec0,£0.50 ,,0,I might get £0.55 but I might also get £0.00.,,0,0,0,0,0,0,1,1,1,1,1,1,6,6,6,0,£0.50 ,,0,I get £0.55 if my partner also chooses Option B. But I will get £0.00 if I choose this option and my partner does not.,,0,0,0,0,0,1,1,1,1,1,1,1,7,5,5,0,1,4,5d97ba9f9fcbb700151bbec0,21,Male,Yes,Yes
43990.56269,43990.56823,IP Address,100,479,TRUE,43990.56825,R_3MKmk2gCUAgu7qP,anonymous,EN,Yes,Yes,Yes,Yes,Yes,5d98a94bea7ad902c4ed0cd2,£0.50 ,,0,I might get £0.55 but I might also get £0.00.,,0,0,0,0,0,0,0,0,0,1,1,1,3,9,9,0,£0.50 ,,0,I get £0.55 if my partner also chooses Option B. But I will get £0.00 if I choose this option and my partner does not.,,0,0,0,0,0,0,0,1,1,1,1,1,5,7,7,0,2,5,5d98a94bea7ad902c4ed0cd2,22,Male,No,No
43990.54384,43990.54703,IP Address,100,275,TRUE,43990.54703,R_2Eu77s46zQlFDWG,anonymous,EN,Yes,Yes,Yes,Yes,Yes,5d9a40b93cc9670018523642,£0.50 ,,0,I might get £0.55 but I might also get £0.00.,,0,0,0,0,0,0,0,1,1,1,1,1,5,7,7,0,£0.50 ,,0,I get £0.55 if my partner also chooses Option B. But I will get £0.00 if I choose this option and my partner does not.,,0,0,0,0,0,1,1,1,1,1,1,1,7,5,5,0,4,3,5d9a40b93cc9670018523642,21,Female,Yes,Yes
43990.73904,43990.74169,IP Address,100,229,TRUE,43990.7417,R_eXRpkviILZ1jmDf,anonymous,EN,Yes,Yes,Yes,Yes,Yes,5d9a40d81abbe700154a04a0,£0.50 ,,0,I might get £0.55 but I might also get £0.00.,,0,0,0,0,0,0,0,0,0,0,0,1,1,11,11,0,£0.50 ,,0,I get £0.55 if my partner also chooses Option B. But I will get £0.00 if I choose this option and my partner does not.,,0,0,0,0,1,1,1,1,1,1,1,1,8,4,4,0,4,4,5d9a40d81abbe700154a04a0,24,Female,Yes,Yes
43990.66282,43990.66867,IP Address,100,505,TRUE,43990.66868,R_3kvsQFX20B2l3MX,anonymous,EN,Yes,Yes,Yes,Yes,Yes,5d9b15c42cf55a0322de7655,£0.50 ,,0,I might get £0.55 but I might also get £0.00.,,0,0,0,0,0,0,0,0,0,0,0,0,0,0,12,0,£0.50 ,,0,I get £0.55 if my partner also chooses Option B. But I will get £0.00 if I choose this option and my partner does not.,,0,0,0,1,1,1,1,1,1,1,1,1,9,3,3,0,5,1,5d9b15c42cf55a0322de7655,23,Female,Yes,No
43990.54698,43990.55324,IP Address,100,541,TRUE,43990.55327,R_3MM55E0LR1bxXmu,anonymous,EN,Yes,Yes,Yes,Yes,Yes,5d9b4e21b56c51035c35cb3d,£0.50 ,,0,I might get £0.55 but I might also get £0.00.,,0,0,0,0,0,0,0,0,0,0,0,0,0,0,12,0,£0.50 ,,0,I get £0.55 if my partner also chooses Option B. But I will get £0.00 if I choose this option and my partner does not.,,0,0,0,0,0,0,0,0,0,0,0,0,0,0,12,0,3,1,5d9b4e21b56c51035c35cb3d,45,Male,Yes,Yes
43990.58253,43990.58484,IP Address,100,199,TRUE,43990.58485,R_4TKhAcdzQf2XVzH,anonymous,EN,Yes,Yes,Yes,Yes,Yes,5d9b7c35875e040012a27362,£0.50 ,,0,I might get £0.55 but I might also get £0.00.,,0,0,0,0,0,0,0,0,0,0,0,0,0,0,12,0,£0.50 ,,0,I get £0.55 if my partner also chooses Option B. But I will get £0.00 if I choose this option and my partner does not.,,0,0,0,0,1,1,1,1,1,1,1,1,8,4,4,0,5,1,5d9b7c35875e040012a27362,19,Female,Yes,Yes
43990.67502,43990.68126,IP Address,100,539,TRUE,43990.68128,R_2SkQf3WajFOsyno,anonymous,EN,Yes,Yes,Yes,Yes,Yes,5d9bb996d6f35503619ed94d,£0.50 ,,0,I might get £0.55 but I might also get £0.00.,,0,0,0,0,0,0,0,1,1,1,1,1,5,7,7,0,£0.50 ,,0,I get £0.55 if my partner also chooses Option B. But I will get £0.00 if I choose this option and my partner does not.,,0,0,0,0,0,1,1,1,1,1,1,1,7,5,5,0,2,4,5d9bb996d6f35503619ed94d,25,Male,No,Yes
43990.54832,43990.55058,IP Address,100,195,TRUE,43990.55059,R_bxObe772Libwkkp,anonymous,EN,Yes,Yes,Yes,Yes,Yes,5d9c543d184c4f00144d7cff,£0.50 ,,0,I might get £0.55 but I might also get £0.00.,,0,0,0,0,0,0,0,0,0,0,0,0,0,0,12,0,£0.50 ,,0,I get £0.55 if my partner also chooses Option B. But I will get £0.00 if I choose this option and my partner does not.,,0,0,1,1,1,1,1,1,1,1,1,1,10,2,2,0,1,4,5d9c543d184c4f00144d7cff,19,Male,Yes,Yes
43990.67229,43990.67693,IP Address,100,400,TRUE,43990.67694,R_1I6smMOoTWi3D0E,anonymous,EN,Yes,Yes,Yes,Yes,Yes,5d9cbe1a91e6ed00153e1a40,£0.50 ,,0,I might get £0.55 but I might also get £0.00.,,0,0,0,0,0,1,1,1,1,1,1,1,7,5,5,0,£0.50 ,,0,I get £0.55 if my partner also chooses Option B. But I will get £0.00 if I choose this option and my partner does not.,,0,0,1,1,1,1,1,1,1,1,1,1,10,2,2,0,4,1,5d9cbe1a91e6ed00153e1a40,20,Female,Yes,Yes
43990.66537,43990.66696,IP Address,100,136,TRUE,43990.66696,R_1jBMXJZZGhDh6An,anonymous,EN,Yes,Yes,Yes,Yes,Yes,5d9f841f22ef1f0014f46a8e,£0.50 ,,0,I might get £0.55 but I might also get £0.00.,,0,0,0,0,0,0,0,0,0,0,0,0,0,0,12,0,£0.50 ,,0,I get £0.55 if my partner also chooses Option B. But I will get £0.00 if I choose this option and my partner does not.,,0,0,0,0,1,1,1,1,1,1,1,1,8,4,4,0,1,1,5d9f841f22ef1f0014f46a8e,24,Female,Yes,Yes
43990.57748,43990.58081,IP Address,100,288,TRUE,43990.58082,R_1Cs78RvcGdp2jbe,anonymous,EN,Yes,Yes,Yes,Yes,Yes,5d9f886c3930730014fa6d86,£0.50 ,,0,I might get £0.55 but I might also get £0.00.,,0,0,0,0,0,1,1,1,1,1,1,1,7,5,5,0,£0.50 ,,0,I get £0.55 if my partner also chooses Option B. But I will get £0.00 if I choose this option and my partner does not.,,0,0,1,1,1,1,1,1,1,1,1,1,10,2,2,0,2,1,5d9f886c3930730014fa6d86,28,Female,Yes,Yes
43990.82392,43990.82609,IP Address,100,187,TRUE,43990.8261,R_2AX35ZwSPWYM5Tt,anonymous,EN,Yes,Yes,Yes,Yes,Yes,5d9f8e3bea4b89001647f956,£0.50 ,,0,I might get £0.55 but I might also get £0.00.,,0,1,1,1,1,1,1,1,1,1,1,1,11,1,1,0,£0.50 ,,0,I get £0.55 if my partner also chooses Option B. But I will get £0.00 if I choose this option and my partner does not.,,0,0,0,0,0,0,0,0,0,0,0,0,0,0,12,0,1,4,5d9f8e3bea4b89001647f956,27,Male,Yes,Yes
43990.56434,43990.56685,IP Address,100,217,TRUE,43990.56686,R_OkvA5E2qJMJQj73,anonymous,EN,Yes,Yes,Yes,Yes,Yes,5da03953b28efd0014afc16d,£0.50 ,,0,I might get £0.55 but I might also get £0.00.,,0,0,0,0,0,0,0,0,0,0,0,0,0,0,12,0,£0.50 ,,0,I get £0.55 if my partner also chooses Option B. But I will get £0.00 if I choose this option and my partner does not.,,0,0,0,0,0,0,0,0,0,0,0,1,1,11,11,0,5,1,5da03953b28efd0014afc16d,29,Male,Yes,Yes
43990.5914,43990.59468,IP Address,100,283,TRUE,43990.59468,R_2rHkw7WQz6wqbun,anonymous,EN,Yes,Yes,Yes,Yes,Yes,5da330e8656efc001626ea3e,£0.50 ,,0,I might get £0.55 but I might also get £0.00.,,0,0,0,0,0,0,0,1,1,1,1,1,5,7,7,0,£0.50 ,,0,I get £0.55 if my partner also chooses Option B. But I will get £0.00 if I choose this option and my partner does not.,,0,0,1,1,1,1,1,1,1,1,1,1,10,2,2,0,4,2,5da330e8656efc001626ea3e,32,Male,Yes,Yes
43990.57256,43990.57769,IP Address,100,443,TRUE,43990.5777,R_6rjJRF7COa75o6l,anonymous,EN,Yes,Yes,Yes,Yes,Yes,5da366461cf1040014300572,£0.50 ,,0,I might get £0.55 but I might also get £0.00.,,0,0,0,0,0,0,0,1,1,1,1,1,5,7,7,0,£0.50 ,,0,I get £0.55 if my partner also chooses Option B. But I will get £0.00 if I choose this option and my partner does not.,,0,0,1,1,1,1,1,1,1,1,1,1,10,2,2,0,5,2,5da366461cf1040014300572,23,Male,No,No
43990.54441,43990.55339,IP Address,100,775,TRUE,43990.5534,R_2bM1hJXIv42HQvn,anonymous,EN,Yes,Yes,Yes,Yes,Yes,5da4652f040f400011416060,£0.50 ,,0,I might get £0.55 but I might also get £0.00.,,0,1,1,1,1,1,1,1,1,1,1,1,11,1,1,0,£0.50 ,,0,I get £0.55 if my partner also chooses Option B. But I will get £0.00 if I choose this option and my partner does not.,,0,0,0,0,1,1,1,1,1,1,1,1,8,4,4,0,5,2,5da4652f040f400011416060,41,Male,Yes,Yes
43990.57377,43990.57865,IP Address,100,420,TRUE,43990.57865,R_2VPEUqEn5NBcSet,anonymous,EN,Yes,Yes,Yes,Yes,Yes,5da4ae4811fc810015420a32,£0.50 ,,0,I might get £0.55 but I might also get £0.00.,,0,0,0,0,0,0,0,0,0,0,0,0,0,0,12,0,£0.50 ,,0,I get £0.55 if my partner also chooses Option B. But I will get £0.00 if I choose this option and my partner does not.,,0,0,0,0,0,0,0,0,1,0,0,1,2,8,10,1,5,3,5da4ae4811fc810015420a32,21,Male,Yes,Yes
43990.54385,43990.54821,IP Address,100,375,TRUE,43990.54821,R_217E66mC9ITuvY8,anonymous,EN,Yes,Yes,Yes,Yes,Yes,5da8a341634607001372cc8b,£0.50 ,,0,I might get £0.55 but I might also get £0.00.,,0,0,0,0,0,0,0,0,0,1,1,1,3,9,9,0,£0.50 ,,0,I get £0.55 if my partner also chooses Option B. But I will get £0.00 if I choose this option and my partner does not.,,0,0,0,0,1,1,1,1,1,1,1,1,8,4,4,0,4,3,5da8a341634607001372cc8b,25,Male,Yes,Yes
43990.54222,43990.54486,IP Address,100,228,TRUE,43990.54487,R_2XnAjUzhp7KZiEW,anonymous,EN,Yes,Yes,Yes,Yes,Yes,5da99cf2c2a70a0015a12c23,£0.50 ,,0,I might get £0.55 but I might also get £0.00.,,0,0,1,1,1,1,1,1,1,1,1,1,10,2,2,0,£0.50 ,,0,I get £0.55 if my partner also chooses Option B. But I will get £0.00 if I choose this option and my partner does not.,,0,0,1,1,1,1,1,1,1,1,1,1,10,2,2,0,2,1,5da99cf2c2a70a0015a12c23,27,Male,Yes,Yes
43990.5439,43990.54662,IP Address,100,234,TRUE,43990.54663,R_1I40quRLkYis8KX,anonymous,EN,Yes,Yes,Yes,Yes,Yes,5daccba5ad1260001762c25b,£0.50 ,,0,I might get £0.55 but I might also get £0.00.,,0,0,0,0,1,1,0,1,0,0,1,0,4,4,8,1,£0.50 ,,0,I get £0.55 if my partner also chooses Option B. But I will get £0.00 if I choose this option and my partner does not.,,0,0,1,1,1,1,1,1,1,1,1,1,10,2,2,0,5,3,5daccba5ad1260001762c25b,23,Male,Yes,Yes
43990.66277,43990.66626,IP Address,100,302,TRUE,43990.66627,R_1r9dPXpUVPhbxC4,anonymous,EN,Yes,Yes,Yes,Yes,Yes,5daedef18484bc0014bd0e4d,£0.50 ,,0,I might get £0.55 but I might also get £0.00.,,0,0,0,0,0,1,1,1,1,1,1,1,7,5,5,0,£0.50 ,,0,I get £0.55 if my partner also chooses Option B. But I will get £0.00 if I choose this option and my partner does not.,,0,0,1,1,1,1,1,1,1,1,1,1,10,2,2,0,4,3,5daedef18484bc0014bd0e4d,28,Male,Yes,Yes
43990.6722,43990.68588,IP Address,100,1181,TRUE,43990.68588,R_BROOqmbWc3lg5ot,anonymous,EN,Yes,Yes,Yes,Yes,Yes,5db0588f2fbdc6001a2be11f,£0.50 ,,0,I might get £0.55 but I might also get £0.00.,,0,1,1,1,1,1,1,1,1,1,1,1,11,1,1,0,£0.50 ,,0,I get £0.55 if my partner also chooses Option B. But I will get £0.00 if I choose this option and my partner does not.,,0,0,0,0,0,0,0,1,1,1,1,1,5,7,7,0,4,1,5db0588f2fbdc6001a2be11f,22,Female,Yes,Yes
43990.68791,43990.69168,IP Address,100,326,TRUE,43990.69169,R_ehPbFKKLkf8FaPn,anonymous,EN,Yes,Yes,Yes,Yes,Yes,5db0cfb72282410016fc8478,£0.50 ,,0,I might get £0.55 but I might also get £0.00.,,0,0,1,1,1,1,1,1,1,1,1,1,10,2,2,0,£0.50 ,,0,I get £0.55 if my partner also chooses Option B. But I will get £0.00 if I choose this option and my partner does not.,,0,0,1,1,1,1,1,1,1,1,1,1,10,2,2,0,5,1,5db0cfb72282410016fc8478,40,Female,Yes,Yes
43990.57238,43990.57846,IP Address,100,524,TRUE,43990.57847,R_1g5uD8SSXpax1K4,anonymous,EN,Yes,Yes,Yes,Yes,Yes,5db35c6cd14d3d000a07f3f6,£0.50 ,,0,I might get £0.55 but I might also get £0.00.,,0,0,1,1,1,1,1,1,1,1,1,1,10,2,2,0,£0.50 ,,0,I get £0.55 if my partner also chooses Option B. But I will get £0.00 if I choose this option and my partner does not.,,0,0,0,0,1,1,1,1,1,1,1,1,8,4,4,0,5,1,5db35c6cd14d3d000a07f3f6,21,Female,Yes,Yes
43990.55299,43990.55664,IP Address,100,315,TRUE,43990.55665,R_1feJ6UzTkrXFvsk,anonymous,EN,Yes,Yes,Yes,Yes,Yes,5db5c372dcda92000c4db702,£0.50 ,,0,I might get £0.55 but I might also get £0.00.,,0,0,0,0,0,0,0,0,0,0,0,0,0,0,12,0,£0.50 ,,0,I get £0.55 if my partner also chooses Option B. But I will get £0.00 if I choose this option and my partner does not.,,0,0,0,0,0,0,0,1,1,1,1,1,5,7,7,0,4,4,5db5c372dcda92000c4db702,25,Male,Yes,Yes
43990.55008,43990.55226,IP Address,100,187,TRUE,43990.55226,R_1rj2ZdhY0zRPZI5,anonymous,EN,Yes,Yes,Yes,Yes,Yes,5db74911fe9521000b21f667,£0.50 ,,0,I might get £0.55 but I might also get £0.00.,,0,0,0,0,0,1,1,1,1,1,1,1,7,5,5,0,£0.50 ,,0,I get £0.55 if my partner also chooses Option B. But I will get £0.00 if I choose this option and my partner does not.,,0,0,0,0,0,0,0,0,0,0,0,0,0,0,12,0,4,1,5db74911fe9521000b21f667,19,Male,Yes,Yes
43990.54752,43990.55045,IP Address,100,252,TRUE,43990.55046,R_2SpNmuSd7nQ0hZu,anonymous,EN,Yes,Yes,Yes,Yes,Yes,5db782f5e757dd000d27a3f0,£0.50 ,,0,I might get £0.55 but I might also get £0.00.,,0,0,0,0,0,0,0,1,1,1,1,1,5,7,7,0,£0.50 ,,0,I get £0.55 if my partner also chooses Option B. But I will get £0.00 if I choose this option and my partner does not.,,0,1,1,1,1,1,1,1,1,1,1,1,11,1,1,0,3,4,5db782f5e757dd000d27a3f0,19,Male,Yes,Yes
43990.59647,43990.59852,IP Address,100,177,TRUE,43990.59853,R_1E0Ps2fr0vp4KJy,anonymous,EN,Yes,Yes,Yes,Yes,Yes,5db855a7e19b07000ea7a971,£0.50 ,,0,I might get £0.55 but I might also get £0.00.,,0,0,0,0,0,0,0,0,0,1,1,1,3,9,9,0,£0.50 ,,0,I get £0.55 if my partner also chooses Option B. But I will get £0.00 if I choose this option and my partner does not.,,0,0,0,0,0,1,1,1,1,1,1,1,7,5,5,0,4,5,5db855a7e19b07000ea7a971,21,Male,Yes,Yes
43991.38757,43991.39128,IP Address,100,321,TRUE,43991.3913,R_tGPvsDptbqVPqRX,anonymous,EN,Yes,Yes,Yes,Yes,Yes,5db9870052e7df000a11af99,£0.50 ,,0,I might get £0.55 but I might also get £0.00.,,0,0,1,1,1,1,1,1,1,1,1,1,10,2,2,0,£0.50 ,,0,I get £0.55 if my partner also chooses Option B. But I will get £0.00 if I choose this option and my partner does not.,,0,0,0,0,0,1,1,1,1,1,1,1,7,5,5,0,5,2,5db9870052e7df000a11af99,20,Male,No,No
43990.54684,43990.54963,IP Address,100,240,TRUE,43990.54964,R_2E46K2GOKZUuK6r,anonymous,EN,Yes,Yes,Yes,Yes,Yes,5dbacc2c4ea3b20e251ff647,£0.50 ,,0,I might get £0.55 but I might also get £0.00.,,0,0,0,1,1,1,1,1,1,1,1,1,9,3,3,0,£0.50 ,,0,I get £0.55 if my partner also chooses Option B. But I will get £0.00 if I choose this option and my partner does not.,,0,0,0,0,1,1,1,1,1,1,1,1,8,4,4,0,4,3,5dbacc2c4ea3b20e251ff647,22,Female,Yes,Yes
43990.95352,43990.9592,IP Address,100,490,TRUE,43990.95921,R_d5VHx78UhpNK12N,anonymous,EN,Yes,Yes,Yes,Yes,Yes,5dbc4156a9e74e1e5be29ac0,£0.50 ,,0,I might get £0.55 but I might also get £0.00.,,0,0,0,0,0,0,0,0,1,0,1,0,2,8,10,1,£0.50 ,,0,I get £0.55 if my partner also chooses Option B. But I will get £0.00 if I choose this option and my partner does not.,,0,0,1,1,1,1,1,1,1,1,1,1,10,2,2,0,4,4,5dbc4156a9e74e1e5be29ac0,39,Female,Yes,Yes
43990.8852,43990.88932,IP Address,100,355,TRUE,43990.88932,R_1N1RcyF1mEPNoSD,anonymous,EN,Yes,Yes,Yes,Yes,Yes,5dbfd427a4627c4258d48ec5,£0.50 ,,0,I might get £0.55 but I might also get £0.00.,,0,0,0,0,0,0,0,0,0,1,1,1,3,9,9,0,£0.50 ,,0,I get £0.55 if my partner also chooses Option B. But I will get £0.00 if I choose this option and my partner does not.,,0,0,0,1,1,1,1,1,1,1,1,1,9,3,3,0,4,2,5dbfd427a4627c4258d48ec5,48,Male,Yes,Yes
43990.56538,43990.56818,IP Address,100,241,TRUE,43990.56819,R_R3lCw4pPkRoqIlr,anonymous,EN,Yes,Yes,Yes,Yes,Yes,5dc04fa4d36241000afac8ca,£0.50 ,,0,I might get £0.55 but I might also get £0.00.,,0,0,0,0,0,0,0,0,0,1,0,1,2,9,10,1,£0.50 ,,0,I get £0.55 if my partner also chooses Option B. But I will get £0.00 if I choose this option and my partner does not.,,0,0,0,0,0,1,1,1,1,1,1,1,7,5,5,0,3,2,5dc04fa4d36241000afac8ca,22,Female,No,No
43990.54323,43990.5485,IP Address,100,454,TRUE,43990.5485,R_3qg36x9l6QhXVai,anonymous,EN,Yes,Yes,Yes,Yes,Yes,5dc4363bfc1cda2f75f7d8cc,£0.50 ,,0,I might get £0.55 but I might also get £0.00.,,0,0,0,0,0,0,0,1,0,0,1,1,3,7,9,1,£0.50 ,,0,I get £0.55 if my partner also chooses Option B. But I will get £0.00 if I choose this option and my partner does not.,,0,0,0,0,0,0,0,0,1,0,1,1,3,8,9,1,1,3,5dc4363bfc1cda2f75f7d8cc,33,Male,Yes,Yes
43990.6694,43990.67304,IP Address,100,314,TRUE,43990.67305,R_3I9IO2EVomBHuZ3,anonymous,EN,Yes,Yes,Yes,Yes,Yes,5dc4a93abff4e136e3676609,£0.50 ,,0,I might get £0.55 but I might also get £0.00.,,0,0,0,0,0,0,0,0,0,0,0,0,0,0,12,0,£0.50 ,,0,I get £0.55 if my partner also chooses Option B. But I will get £0.00 if I choose this option and my partner does not.,,0,0,0,0,0,1,1,1,1,1,1,1,7,5,5,0,4,2,5dc4a93abff4e136e3676609,38,Female,Yes,Yes
43990.68589,43990.68838,IP Address,100,214,TRUE,43990.68838,R_0IXNS2rWNSbjwCB,anonymous,EN,Yes,Yes,Yes,Yes,Yes,5dc58b82a67bd44058652e8a,£0.50 ,,0,I might get £0.55 but I might also get £0.00.,,0,0,0,0,0,1,1,1,1,1,1,1,7,5,5,0,£0.50 ,,0,I get £0.55 if my partner also chooses Option B. But I will get £0.00 if I choose this option and my partner does not.,,0,1,1,1,1,1,1,1,1,1,1,1,11,1,1,0,4,1,5dc58b82a67bd44058652e8a,21,Male,Yes,Yes
43990.5452,43990.55112,IP Address,100,511,TRUE,43990.55113,R_2CVtCHhtkkg8xJO,anonymous,EN,Yes,Yes,Yes,Yes,Yes,5dc8710b63492d5e1e4abb8c,£0.50 ,,0,I might get £0.55 but I might also get £0.00.,,0,0,0,0,0,0,0,0,0,1,1,1,3,9,9,0,£0.50 ,,0,I get £0.55 if my partner also chooses Option B. But I will get £0.00 if I choose this option and my partner does not.,,0,0,1,0,1,1,1,1,0,0,1,1,7,2,5,1,2,5,5dc8710b63492d5e1e4abb8c,48,Female,No,No
43990.54461,43990.54751,IP Address,100,251,TRUE,43990.54752,R_yJtx8OOjIbk1qnv,anonymous,EN,Yes,Yes,Yes,Yes,Yes,5dc95893b9fad36719d10949,£0.50 ,,0,I might get £0.55 but I might also get £0.00.,,0,0,0,0,0,0,0,0,0,1,1,1,3,9,9,0,£0.50 ,,0,I get £0.55 if my partner also chooses Option B. But I will get £0.00 if I choose this option and my partner does not.,,0,0,0,0,0,0,0,0,0,1,1,1,3,9,9,0,5,3,5dc95893b9fad36719d10949,32,Male,Yes,Yes
43990.54565,43990.54861,IP Address,100,256,TRUE,43990.54862,R_3rIZoht53Wu3Y0w,anonymous,EN,Yes,Yes,Yes,Yes,Yes,5dc9ef9a5d81cd71153f8f70,£0.50 ,,0,I might get £0.55 but I might also get £0.00.,,0,0,0,0,0,0,0,1,1,1,1,1,5,7,7,0,£0.50 ,,0,I get £0.55 if my partner also chooses Option B. But I will get £0.00 if I choose this option and my partner does not.,,0,0,1,1,1,1,1,1,1,1,1,1,10,2,2,0,5,3,5dc9ef9a5d81cd71153f8f70,20,Non-binary,Yes,Yes
43990.58426,43990.58767,IP Address,100,294,TRUE,43990.58768,R_8pQsohfbJf7fVzX,anonymous,EN,Yes,Yes,Yes,Yes,Yes,5dcbf42ed210e48942221d08,£0.50 ,,0,I might get £0.55 but I might also get £0.00.,,0,0,0,0,0,1,1,1,1,1,1,1,7,5,5,0,£0.50 ,,0,£0.75 ,I get £0.55 if my partner also chooses Option B. But I will get £0.00 if I choose this option and my partner does not.,1,0,0,1,1,1,1,1,1,1,1,1,9,3,3,0,1,4,5dcbf42ed210e48942221d08,30,Female,Yes,Yes
43990.55051,43990.55303,IP Address,100,218,TRUE,43990.55304,R_rqgp5DpBTZKxQ8V,anonymous,EN,Yes,Yes,Yes,Yes,Yes,5dcbf9a64d2b66887f0d98f0,£0.50 ,,0,I might get £0.55 but I might also get £0.00.,,0,0,0,0,0,0,0,0,0,1,1,1,3,9,9,0,£0.50 ,,0,I get £0.55 if my partner also chooses Option B. But I will get £0.00 if I choose this option and my partner does not.,,0,0,0,0,0,0,0,0,0,1,1,1,3,9,9,0,2,4,5dcbf9a64d2b66887f0d98f0,23,Male,Yes,Yes
43990.66573,43990.6683,IP Address,100,221,TRUE,43990.6683,R_5dw1l5tqsLgOCdz,anonymous,EN,Yes,Yes,Yes,Yes,Yes,5dcc045c3f045589fabe229a,£0.50 ,,0,I might get £0.55 but I might also get £0.00.,,0,0,0,0,0,0,0,0,0,0,0,0,0,0,12,0,£0.50 ,,0,I get £0.55 if my partner also chooses Option B. But I will get £0.00 if I choose this option and my partner does not.,,0,0,0,0,1,1,1,1,1,1,1,1,8,4,4,0,2,3,5dcc045c3f045589fabe229a,52,Female,Yes,Yes
43990.74398,43990.75292,IP Address,100,772,TRUE,43990.75293,R_3GcXl6CaCAjxR31,anonymous,EN,Yes,Yes,Yes,Yes,Yes,5dcc845678cda09214282fb9,£0.50 ,,0,I might get £0.55 but I might also get £0.00.,,0,0,0,0,0,0,0,1,1,1,1,1,5,7,7,0,£0.50 ,,0,I get £0.55 if my partner also chooses Option B. But I will get £0.00 if I choose this option and my partner does not.,,0,0,0,0,0,0,0,0,0,0,0,0,0,0,12,0,3,1,5dcc845678cda09214282fb9,31,Female,Yes,Yes
43990.78966,43990.7962,IP Address,100,564,TRUE,43990.79621,R_3oF2CQILY1gXjJe,anonymous,EN,Yes,Yes,Yes,Yes,Yes,5dce6567c41dc20e4e93d8f6,£0.50 ,,0,I might get £0.55 but I might also get £0.00.,,0,0,0,0,0,0,0,1,1,1,1,1,5,7,7,0,£0.50 ,,0,I get £0.55 if my partner also chooses Option B. But I will get £0.00 if I choose this option and my partner does not.,,0,0,0,1,1,1,1,1,1,1,1,1,9,3,3,0,2,4,5dce6567c41dc20e4e93d8f6,25,Male,No,No
43990.59612,43990.60028,IP Address,100,358,TRUE,43990.60028,R_1FRp14QNycuR52c,anonymous,EN,Yes,Yes,Yes,Yes,Yes,5dce6f1024a02c0e316511fb,£0.50 ,,0,I might get £0.55 but I might also get £0.00.,,0,1,1,1,1,1,1,1,1,1,1,1,11,1,1,0,£0.50 ,,0,I get £0.55 if my partner also chooses Option B. But I will get £0.00 if I choose this option and my partner does not.,,0,0,0,0,0,0,0,1,1,1,1,1,5,7,7,0,3,3,5dce6f1024a02c0e316511fb,36,Male,Yes,Yes
43990.58251,43990.58557,IP Address,100,263,TRUE,43990.58557,R_yEhjXoqdTVzNDJD,anonymous,EN,Yes,Yes,Yes,Yes,Yes,5dcef784e6e6d8000cc6095e,£0.50 ,,0,I might get £0.55 but I might also get £0.00.,,0,1,1,1,1,1,1,1,1,1,1,1,11,1,1,0,£0.50 ,,0,I get £0.55 if my partner also chooses Option B. But I will get £0.00 if I choose this option and my partner does not.,,0,0,0,0,0,0,0,0,1,1,1,1,4,8,8,0,5,4,5dcef784e6e6d8000cc6095e,22,Female,Yes,Yes
43991.01558,43991.01878,IP Address,100,276,TRUE,43991.01879,R_2TWQB8V5UdFwcT7,anonymous,EN,Yes,Yes,Yes,Yes,Yes,5dd0749782569a156ed4f658,£0.50 ,,0,I might get £0.55 but I might also get £0.00.,,0,0,0,0,0,0,0,0,0,0,0,0,0,0,12,0,£0.50 ,,0,I get £0.55 if my partner also chooses Option B. But I will get £0.00 if I choose this option and my partner does not.,,0,0,0,0,0,0,0,0,0,0,1,1,2,10,10,0,2,2,5dd0749782569a156ed4f658,26,Male,Yes,No
43990.58931,43990.59183,IP Address,100,217,TRUE,43990.59183,R_2Qm0T8FuMnxpAPY,anonymous,EN,Yes,Yes,Yes,Yes,Yes,5dd1a94f332b34219091cf31,£0.50 ,,0,I might get £0.55 but I might also get £0.00.,,0,0,0,0,0,0,0,0,0,1,1,1,3,9,9,0,£0.50 ,,0,I get £0.55 if my partner also chooses Option B. But I will get £0.00 if I choose this option and my partner does not.,,0,0,0,0,0,0,0,0,0,0,0,0,0,0,12,0,4,3,5dd1a94f332b34219091cf31,30,Male,Yes,Yes
43990.603,43990.60556,IP Address,100,221,TRUE,43990.60557,R_2VmdWNOO42i8x86,anonymous,EN,Yes,Yes,Yes,Yes,Yes,5dd6687cef41975ecf946fb0,£0.50 ,,0,I might get £0.55 but I might also get £0.00.,,0,0,0,0,0,0,0,0,0,1,1,1,3,9,9,0,£0.50 ,,0,I get £0.55 if my partner also chooses Option B. But I will get £0.00 if I choose this option and my partner does not.,,0,0,0,0,0,0,0,0,0,0,0,0,0,0,12,0,3,1,5dd6687cef41975ecf946fb0,47,Female,Yes,Yes
43990.54366,43990.54814,IP Address,100,386,TRUE,43990.54815,R_3ix2e5lfHUAB2is,anonymous,EN,Yes,Yes,Yes,Yes,Yes,5dd69d82710dfc61d0dbd5d8,£0.50 ,,0,I might get £0.55 but I might also get £0.00.,,0,0,1,1,1,1,1,1,1,1,1,1,10,2,2,0,£0.50 ,,0,I get £0.55 if my partner also chooses Option B. But I will get £0.00 if I choose this option and my partner does not.,,0,0,1,1,1,1,1,1,1,1,1,1,10,2,2,0,3,2,5dd69d82710dfc61d0dbd5d8,25,Female,Yes,Yes
43990.54984,43990.55617,IP Address,100,547,TRUE,43990.55618,R_Depiws5gpljPOqB,anonymous,EN,Yes,Yes,Yes,Yes,Yes,5dd81eb38ed6bf7c5be5eff3,£0.50 ,,0,I might get £0.55 but I might also get £0.00.,,0,0,0,0,0,0,0,0,1,1,1,1,4,8,8,0,£0.50 ,,0,I get £0.55 if my partner also chooses Option B. But I will get £0.00 if I choose this option and my partner does not.,,0,0,0,1,1,1,1,1,1,1,1,1,9,3,3,0,3,2,5dd81eb38ed6bf7c5be5eff3,35,Female,Yes,Yes
43990.8085,43990.81339,IP Address,100,423,TRUE,43990.8134,R_2YStHHnYScRfnme,anonymous,EN,Yes,Yes,Yes,Yes,Yes,5dd9446ac5faa28d4d4e5e41,£0.50 ,,0,I might get £0.55 but I might also get £0.00.,,0,0,0,0,0,1,1,1,1,1,1,1,7,5,5,0,£0.50 ,,0,I get £0.55 if my partner also chooses Option B. But I will get £0.00 if I choose this option and my partner does not.,,0,0,0,0,0,0,0,1,4,1,1,1,8,7,7,0,4,3,5dd9446ac5faa28d4d4e5e41,21,Male,Yes,Yes
43990.60207,43990.60529,IP Address,100,277,TRUE,43990.60529,R_urDMOEi7lsLUxDb,anonymous,EN,Yes,Yes,Yes,Yes,Yes,5ddad5b6d69072a3fab25522,£0.50 ,,0,I might get £0.55 but I might also get £0.00.,,0,0,0,0,0,0,1,1,1,1,1,1,6,6,6,0,£0.50 ,,0,I get £0.55 if my partner also chooses Option B. But I will get £0.00 if I choose this option and my partner does not.,,0,1,1,1,1,1,1,1,1,1,1,1,11,1,1,0,5,2,5ddad5b6d69072a3fab25522,20,Female,Yes,Yes
43990.56227,43990.56414,IP Address,100,161,TRUE,43990.56415,R_2ALw4EO0HEuz2Hw,anonymous,EN,Yes,Yes,Yes,Yes,Yes,5ddcfdd0322886c4fc2feff4,£0.50 ,,0,I might get £0.55 but I might also get £0.00.,,0,0,0,0,0,0,1,1,1,1,1,1,6,6,6,0,£0.50 ,,0,I get £0.55 if my partner also chooses Option B. But I will get £0.00 if I choose this option and my partner does not.,,0,1,1,1,1,1,1,1,1,1,1,1,11,1,1,0,3,1,5ddcfdd0322886c4fc2feff4,23,Female,Yes,Yes
43990.58684,43990.58943,IP Address,100,224,TRUE,43990.58944,R_2w7ffdGGZ7me2rM,anonymous,EN,Yes,Yes,Yes,Yes,Yes,5ddeaaf9f30aa6e2e945abba,£0.50 ,,0,I might get £0.55 but I might also get £0.00.,,0,0,0,0,0,0,0,1,1,1,1,1,5,7,7,0,£0.50 ,,0,I get £0.55 if my partner also chooses Option B. But I will get £0.00 if I choose this option and my partner does not.,,0,0,0,0,0,1,1,1,1,1,1,1,7,5,5,0,3,5,5ddeaaf9f30aa6e2e945abba,24,Male,No,No
43990.58791,43990.59056,IP Address,100,228,TRUE,43990.59065,R_3lQ5R4bqq9hjt8w,anonymous,EN,Yes,Yes,Yes,Yes,Yes,5de3e5dd4b7cf93df5526963,£0.50 ,,0,I might get £0.55 but I might also get £0.00.,,0,0,0,0,0,0,0,0,0,0,0,1,1,11,11,0,£0.50 ,,0,I get £0.55 if my partner also chooses Option B. But I will get £0.00 if I choose this option and my partner does not.,,0,0,0,0,0,0,0,0,0,1,1,1,3,9,9,0,5,2,5de3e5dd4b7cf93df5526963,26,Male,Yes,Yes
43991.00124,43991.00405,IP Address,100,242,TRUE,43991.00405,R_1j7fcIzHrDz5jJl,anonymous,EN,Yes,Yes,Yes,Yes,Yes,5de4eed1eddfc947ef07f097,£0.50 ,,0,I might get £0.55 but I might also get £0.00.,,0,1,1,1,1,1,1,1,1,1,1,1,11,1,1,0,£0.50 ,,0,I get £0.55 if my partner also chooses Option B. But I will get £0.00 if I choose this option and my partner does not.,,0,0,0,0,0,0,0,1,1,1,1,1,5,7,7,0,5,1,5de4eed1eddfc947ef07f097,23,Female,Yes,No
43990.66251,43990.66485,IP Address,100,201,TRUE,43990.66485,R_2ZEbXSxTJkXm89F,anonymous,EN,Yes,Yes,Yes,Yes,Yes,5de8333cc638d47aaaf325ca,£0.50 ,,0,I might get £0.55 but I might also get £0.00.,,0,0,0,0,0,0,0,1,0,1,1,1,4,7,8,1,£0.50 ,,0,I get £0.55 if my partner also chooses Option B. But I will get £0.00 if I choose this option and my partner does not.,,0,0,0,0,0,1,1,1,1,1,1,1,7,5,5,0,5,2,5de8333cc638d47aaaf325ca,18,Male,Yes,Yes
43990.54919,43990.55211,IP Address,100,252,TRUE,43990.55212,R_232Fn3Xl8XmR5Z5,anonymous,EN,Yes,Yes,Yes,Yes,Yes,5dea40ce11744715c8ea2855,£0.50 ,,0,I might get £0.55 but I might also get £0.00.,,0,0,0,0,0,0,1,1,1,1,1,1,6,6,6,0,£0.50 ,,0,I get £0.55 if my partner also chooses Option B. But I will get £0.00 if I choose this option and my partner does not.,,0,0,1,1,1,1,1,1,1,1,1,1,10,2,2,0,1,2,5dea40ce11744715c8ea2855,37,Male,No,Yes
43990.55568,43990.56054,IP Address,100,419,TRUE,43990.56055,R_3em1h9Ba59ubWIV,anonymous,EN,Yes,Yes,Yes,Yes,Yes,5deaa2b91eb2a9000b98c1e4,£0.50 ,,0,I might get £0.55 but I might also get £0.00.,,0,0,0,0,0,0,0,0,0,1,0,1,2,9,10,1,£0.50 ,,0,I get £0.55 if my partner also chooses Option B. But I will get £0.00 if I choose this option and my partner does not.,,0,0,0,0,0,0,0,0,1,1,1,1,4,8,8,0,5,1,5deaa2b91eb2a9000b98c1e4,30,Female,Yes,No
43990.56904,43990.57263,IP Address,100,309,TRUE,43990.57263,R_3qwEuGyqI0V4cwB,anonymous,EN,Yes,Yes,Yes,Yes,Yes,5dead5afbe2856201d4b9194,£0.50 ,,0,I might get £0.55 but I might also get £0.00.,,0,0,0,0,0,0,0,0,0,0,0,0,0,0,12,0,£0.50 ,,0,I get £0.55 if my partner also chooses Option B. But I will get £0.00 if I choose this option and my partner does not.,,0,0,0,0,0,0,0,0,0,0,0,0,0,0,12,0,1,2,5dead5afbe2856201d4b9194,28,Female,Yes,Yes
43990.66263,43990.6665,IP Address,100,334,TRUE,43990.66652,R_1OjXxUO7mRhASPc,anonymous,EN,Yes,Yes,Yes,Yes,Yes,5dee3987770a434ca44342c9,£0.50 ,,0,I might get £0.55 but I might also get £0.00.,,0,0,0,0,0,0,0,0,0,1,0,0,1,9,11,1,£0.50 ,,0,I get £0.55 if my partner also chooses Option B. But I will get £0.00 if I choose this option and my partner does not.,,0,0,0,0,0,0,0,0,0,0,0,0,0,0,12,0,4,2,5dee3987770a434ca44342c9,33,Female,Yes,Yes
43990.67049,43990.67324,IP Address,100,237,TRUE,43990.67325,R_3RrqBPuso03flp0,anonymous,EN,Yes,Yes,Yes,Yes,Yes,5dee3b5e7aeafe4cd675c0b6,£0.50 ,,0,I might get £0.55 but I might also get £0.00.,,0,0,0,0,0,0,0,1,1,1,1,1,5,7,7,0,£0.50 ,,0,I get £0.55 if my partner also chooses Option B. But I will get £0.00 if I choose this option and my partner does not.,,0,0,0,1,1,1,1,1,1,1,1,1,9,3,3,0,1,2,5dee3b5e7aeafe4cd675c0b6,38,Female,Yes,Yes
43990.54514,43990.54775,IP Address,100,226,TRUE,43990.54776,R_3oC3HSArPfgFZr8,anonymous,EN,Yes,Yes,Yes,Yes,Yes,5dee5068bc4b5c4ea275c2d6,£0.50 ,,0,I might get £0.55 but I might also get £0.00.,,0,0,0,0,0,0,0,0,0,0,0,0,0,0,12,0,£0.50 ,,0,I get £0.55 if my partner also chooses Option B. But I will get £0.00 if I choose this option and my partner does not.,,0,0,0,0,0,0,0,0,0,0,0,0,0,0,12,0,4,3,5dee5068bc4b5c4ea275c2d6,23,Male,Yes,Yes
43990.55137,43990.55688,IP Address,100,475,TRUE,43990.55688,R_2UcuB2hAqAE6wRW,anonymous,EN,Yes,Yes,Yes,Yes,Yes,5dee645209c10750958a0ed2,£0.50 ,,0,I might get £0.55 but I might also get £0.00.,,0,0,0,0,0,1,1,1,1,1,1,1,7,5,5,0,£0.50 ,,0,I get £0.55 if my partner also chooses Option B. But I will get £0.00 if I choose this option and my partner does not.,,0,0,1,1,1,1,1,1,1,1,1,1,10,2,2,0,4,4,5dee645209c10750958a0ed2,40,Female,Yes,Yes
43990.54299,43990.54597,IP Address,100,257,TRUE,43990.54598,R_1CkzEzkkbIb1RPt,anonymous,EN,Yes,Yes,Yes,Yes,Yes,5dee8ce63477655265507783,£0.50 ,,0,I might get £0.55 but I might also get £0.00.,,0,0,0,0,0,1,1,0,1,1,1,1,6,5,6,1,£0.50 ,,0,I get £0.55 if my partner also chooses Option B. But I will get £0.00 if I choose this option and my partner does not.,,0,0,1,1,1,1,1,1,1,1,1,1,10,2,2,0,5,1,5dee8ce63477655265507783,25,Female,Yes,No
43990.55287,43990.55667,IP Address,100,328,TRUE,43990.55668,R_pgYxv1W1A2YfQBz,anonymous,EN,Yes,Yes,Yes,Yes,Yes,5df09202dd9e590da28d64b3,£0.50 ,,0,I might get £0.55 but I might also get £0.00.,,0,0,0,0,0,0,0,0,1,0,1,0,2,8,10,1,£0.50 ,,0,I get £0.55 if my partner also chooses Option B. But I will get £0.00 if I choose this option and my partner does not.,,0,0,0,1,1,1,1,1,1,1,1,1,9,3,3,0,4,2,5df09202dd9e590da28d64b3,21,Male,Yes,Yes
43990.66271,43990.66656,IP Address,100,332,TRUE,43990.66657,R_1lmXlKGsMnZ90gu,anonymous,EN,Yes,Yes,Yes,Yes,Yes,5df0f485cac2ea13465f87b4,£0.50 ,,0,I might get £0.55 but I might also get £0.00.,,0,0,0,0,0,0,0,0,0,0,0,1,1,11,11,0,£0.50 ,,0,I get £0.55 if my partner also chooses Option B. But I will get £0.00 if I choose this option and my partner does not.,,0,0,1,1,1,1,1,1,1,1,1,1,10,2,2,0,4,3,5df0f485cac2ea13465f87b4,28,Male,Yes,No
43990.54641,43990.54838,IP Address,100,170,TRUE,43990.54839,R_OpMOel4bARGJfpf,anonymous,EN,Yes,Yes,Yes,Yes,Yes,5df1371e461063000c610c01,£0.50 ,,0,I might get £0.55 but I might also get £0.00.,,0,0,0,0,0,0,0,1,1,1,1,1,5,7,7,0,£0.50 ,,0,I get £0.55 if my partner also chooses Option B. But I will get £0.00 if I choose this option and my partner does not.,,0,0,0,0,0,0,0,0,1,1,1,1,4,8,8,0,4,2,5df1371e461063000c610c01,21,Male,Yes,Yes
43990.59855,43990.60089,IP Address,100,202,TRUE,43990.6009,R_1jJoDRaeR0mqNSf,anonymous,EN,Yes,Yes,Yes,Yes,Yes,5df2235d5a34251266ea645e,£0.50 ,,0,I might get £0.55 but I might also get £0.00.,,0,0,0,0,1,0,1,1,1,1,1,1,7,4,5,1,£0.50 ,,0,I get £0.55 if my partner also chooses Option B. But I will get £0.00 if I choose this option and my partner does not.,,0,0,0,0,0,0,0,0,0,0,0,0,0,0,12,0,3,1,5df2235d5a34251266ea645e,23,Male,Yes,No
43990.55183,43990.55439,IP Address,100,220,TRUE,43990.5544,R_2cwrLZnE2GQtaIS,anonymous,EN,Yes,Yes,Yes,Yes,Yes,5df235fb83907912a90163bd,£0.50 ,,0,I might get £0.55 but I might also get £0.00.,,0,0,0,0,0,0,0,0,0,0,0,0,0,0,12,0,£0.50 ,,0,I get £0.55 if my partner also chooses Option B. But I will get £0.00 if I choose this option and my partner does not.,,0,0,0,0,0,1,1,1,1,1,1,1,7,5,5,0,2,3,5df235fb83907912a90163bd,34,Prefer not to say,Yes,Yes
43990.56512,43990.56793,IP Address,100,243,TRUE,43990.56795,R_A7i4JCI7FgSH0rv,anonymous,EN,Yes,Yes,Yes,Yes,Yes,5df3c9a0ef7f5e2a439e436e,£0.50 ,,0,I might get £0.55 but I might also get £0.00.,,0,0,0,0,0,0,0,0,0,0,0,0,0,0,12,0,£1.00 ,£0.50 ,1,I get £0.55 if my partner also chooses Option B. But I will get £0.00 if I choose this option and my partner does not.,,0,0,1,1,1,1,1,1,1,1,1,1,10,2,2,0,3,5,5df3c9a0ef7f5e2a439e436e,19,Male,Yes,Yes
43990.62729,43990.62964,IP Address,100,202,TRUE,43990.62965,R_e4mEdhIrUnZLmBH,anonymous,EN,Yes,Yes,Yes,Yes,Yes,5df50a49a98a7a3924e4137e,£0.50 ,,0,I might get £0.55 but I might also get £0.00.,,0,0,0,0,0,0,0,0,1,1,1,1,4,8,8,0,£0.50 ,,0,I get £0.55 if my partner also chooses Option B. But I will get £0.00 if I choose this option and my partner does not.,,0,1,0,0,0,0,0,0,0,1,1,1,4,1,8,1,4,4,5df50a49a98a7a3924e4137e,22,Male,Yes,Yes
43990.55194,43990.55453,IP Address,100,223,TRUE,43990.55454,R_wLYcbrJUNnB0uCl,anonymous,EN,Yes,Yes,Yes,Yes,Yes,5df6adb4e7802148eba41ca4,£0.50 ,,0,I might get £0.55 but I might also get £0.00.,,0,0,0,0,0,0,0,0,0,0,0,0,0,0,12,0,£0.50 ,,0,I get £0.55 if my partner also chooses Option B. But I will get £0.00 if I choose this option and my partner does not.,,0,0,0,0,0,0,0,0,1,1,1,1,4,8,8,0,4,2,5df6adb4e7802148eba41ca4,19,Male,Yes,Yes
43990.56207,43990.57641,IP Address,100,1239,TRUE,43990.57642,R_3nvX3pHC9lUUUnD,anonymous,EN,Yes,Yes,Yes,Yes,Yes,5df76aff2d2185502504d15c,£0.50 ,,0,I might get £0.55 but I might also get £0.00.,,0,0,0,0,0,0,0,0,1,1,1,1,4,8,8,0,£0.50 ,,0,I get £0.55 if my partner also chooses Option B. But I will get £0.00 if I choose this option and my partner does not.,,0,0,0,1,1,1,1,1,1,1,1,1,9,3,3,0,5,1,5df76aff2d2185502504d15c,37,Female,Yes,No
43990.54817,43990.55043,IP Address,100,195,TRUE,43990.55043,R_12r3s2ZUnlC9tw1,anonymous,EN,Yes,Yes,Yes,Yes,Yes,5dfc822839bcde9801aac17c,£0.50 ,,0,I might get £0.55 but I might also get £0.00.,,0,0,0,0,0,1,1,1,1,1,1,1,7,5,5,0,£0.50 ,,0,I get £0.55 if my partner also chooses Option B. But I will get £0.00 if I choose this option and my partner does not.,,0,0,0,0,1,1,0,0,1,1,1,1,6,4,6,1,4,1,5dfc822839bcde9801aac17c,30,Male,Yes,Yes
43990.55328,43990.55538,IP Address,100,181,TRUE,43990.55539,R_03eFMGvMtc7ebHr,anonymous,EN,Yes,Yes,Yes,Yes,Yes,5dfcc66de69d0a9b5cbf5bbb,£0.50 ,,0,I might get £0.55 but I might also get £0.00.,,0,0,1,1,1,1,1,1,1,1,1,1,10,2,2,0,£0.50 ,,0,I get £0.55 if my partner also chooses Option B. But I will get £0.00 if I choose this option and my partner does not.,,0,1,1,1,1,1,1,1,1,1,1,1,11,1,1,0,5,4,5dfcc66de69d0a9b5cbf5bbb,20,Male,Yes,Yes
43990.54442,43990.54869,IP Address,100,369,TRUE,43990.5487,R_1K7rpEI7tYKcTHZ,anonymous,EN,Yes,Yes,Yes,Yes,Yes,5e015e48946e97d428a04739,£0.50 ,,0,I might get £0.55 but I might also get £0.00.,,0,0,1,1,1,1,1,1,1,1,1,1,10,2,2,0,£0.50 ,,0,I get £0.55 if my partner also chooses Option B. But I will get £0.00 if I choose this option and my partner does not.,,0,0,0,1,1,1,1,1,1,1,1,1,9,3,3,0,4,4,5e015e48946e97d428a04739,25,Male,Yes,No
43990.5486,43990.55058,IP Address,100,171,TRUE,43990.55059,R_qOuB96g3vy9M05H,anonymous,EN,Yes,Yes,Yes,Yes,Yes,5e0670bcdfdc9505bd31cc76,£0.50 ,,0,I might get £0.55 but I might also get £0.00.,,0,0,0,0,0,1,1,1,1,1,1,1,7,5,5,0,£0.50 ,,0,I get £0.55 if my partner also chooses Option B. But I will get £0.00 if I choose this option and my partner does not.,,0,1,1,1,1,1,1,1,1,1,1,1,11,1,1,0,3,3,5e0670bcdfdc9505bd31cc76,25,Male,Yes,Yes
43990.56973,43990.57116,IP Address,100,123,TRUE,43990.57117,R_2usStkT3eWxV9RN,anonymous,EN,Yes,Yes,Yes,Yes,Yes,5e07938c946e970ff5703d97,£0.50 ,,0,I might get £0.55 but I might also get £0.00.,,0,0,0,0,0,0,0,1,1,1,1,1,5,7,7,0,£1.00 ,£0.50 ,1,I get £0.55 if my partner also chooses Option B. But I will get £0.00 if I choose this option and my partner does not.,,0,0,0,0,0,0,1,1,1,1,1,1,6,6,6,0,2,1,5e07938c946e970ff5703d97,23,Female,Yes,Yes
43990.69267,43990.69572,IP Address,100,263,TRUE,43990.69573,R_yrRs5HnC9Yp3CzD,anonymous,EN,Yes,Yes,Yes,Yes,Yes,5e090c0cb1fb0520c96dc5f6,£0.50 ,,0,I might get £0.55 but I might also get £0.00.,,0,0,0,0,0,1,1,0,1,1,1,1,6,5,6,1,£0.50 ,,0,I get £0.55 if my partner also chooses Option B. But I will get £0.00 if I choose this option and my partner does not.,,0,0,0,0,0,0,0,0,0,0,0,0,0,0,12,0,5,1,5e090c0cb1fb0520c96dc5f6,18,Male,Yes,Yes
43990.56875,43990.57115,IP Address,100,207,TRUE,43990.57116,R_1Kp4mwH5l1HYqkE,anonymous,EN,Yes,Yes,Yes,Yes,Yes,5e09e1d76f6c6329f2ae9bb1,£0.50 ,,0,I might get £0.55 but I might also get £0.00.,,0,0,0,0,0,0,0,0,0,0,0,0,0,0,12,0,£0.50 ,,0,I get £0.55 if my partner also chooses Option B. But I will get £0.00 if I choose this option and my partner does not.,,0,0,0,0,0,0,0,0,0,1,1,1,3,9,9,0,3,3,5e09e1d76f6c6329f2ae9bb1,41,Male,Yes,Yes
43990.60688,43990.61215,IP Address,100,455,TRUE,43990.61216,R_3fNo3TyjQx7d9yg,anonymous,EN,Yes,Yes,Yes,Yes,Yes,5e0d3205de8da64ba7973452,£0.25 ,£0.50 ,1,I might get £0.55 but I might also get £0.00.,,0,0,0,0,0,0,0,0,0,0,0,0,0,0,12,0,£0.50 ,,0,I get £0.55 if my partner also chooses Option B. But I will get £0.00 if I choose this option and my partner does not.,,0,0,0,0,0,0,0,0,0,0,0,1,1,11,11,0,4,2,5e0d3205de8da64ba7973452,46,Female,Yes,Yes
43990.60389,43990.60677,IP Address,100,248,TRUE,43990.60678,R_1KdwLR4YBcIHauQ,anonymous,EN,Yes,Yes,Yes,Yes,Yes,5e0e059aac9e1656637773d1,£0.50 ,,0,I might get £0.55 but I might also get £0.00.,,0,0,1,0,0,0,0,1,1,1,1,1,6,2,6,1,£0.50 ,,0,I get £0.55 if my partner also chooses Option B. But I will get £0.00 if I choose this option and my partner does not.,,0,1,1,1,1,1,1,1,1,1,1,1,11,1,1,0,4,5,5e0e059aac9e1656637773d1,21,Male,Yes,Yes
43990.5515,43990.55346,IP Address,100,168,TRUE,43990.55347,R_24BqzjXuHk62OKy,anonymous,EN,Yes,Yes,Yes,Yes,Yes,5e120c2c8dffa088ab11ce9e,£0.50 ,,0,I might get £0.55 but I might also get £0.00.,,0,0,0,0,0,0,0,1,0,1,1,1,4,7,8,1,£0.50 ,,0,I get £0.55 if my partner also chooses Option B. But I will get £0.00 if I choose this option and my partner does not.,,0,0,0,0,1,1,1,1,1,1,1,1,8,4,4,0,4,2,5e120c2c8dffa088ab11ce9e,18,Male,Yes,Yes
43990.55429,43990.5561,IP Address,100,156,TRUE,43990.55611,R_1rfghfIBO7VNy2U,anonymous,EN,Yes,Yes,Yes,Yes,Yes,5e13aa75a82a45000bedc75c,£0.50 ,,0,I might get £0.55 but I might also get £0.00.,,0,0,0,0,1,1,1,1,1,1,1,1,8,4,4,0,£1.00 ,£0.25 ,2,I get £0.55 if my partner also chooses Option B. But I will get £0.00 if I choose this option and my partner does not.,,0,0,1,1,1,1,1,1,1,1,1,1,10,2,2,0,3,2,5e13aa75a82a45000bedc75c,22,Female,Yes,Yes
43990.54512,43990.55271,IP Address,100,655,TRUE,43990.55271,R_3J32ptyQwTSYsRj,anonymous,EN,Yes,Yes,Yes,Yes,Yes,5e14db414babe3add72cb784,£0.50 ,,0,I might get £0.55 but I might also get £0.00.,,0,0,0,0,0,1,1,1,1,1,1,1,7,5,5,0,£0.50 ,,0,I get £0.55 if my partner also chooses Option B. But I will get £0.00 if I choose this option and my partner does not.,,0,0,0,0,1,1,1,1,1,1,1,1,8,4,4,0,5,4,5e14db414babe3add72cb784,22,Male,Yes,Yes
43990.55113,43990.55397,IP Address,100,244,TRUE,43990.55397,R_3NWhSSOQ33euTaD,anonymous,EN,Yes,Yes,Yes,Yes,Yes,5e1775506a9fa4078d341ff9,£0.50 ,,0,I might get £0.55 but I might also get £0.00.,,0,0,0,0,0,0,0,0,0,1,0,0,1,9,11,1,£0.50 ,,0,I get £0.55 if my partner also chooses Option B. But I will get £0.00 if I choose this option and my partner does not.,,0,0,0,0,0,0,0,0,0,0,0,0,0,0,12,0,4,1,5e1775506a9fa4078d341ff9,33,Male,No,No
43990.56501,43990.56706,IP Address,100,176,TRUE,43990.56707,R_VI0LUbRP0GJUUy5,anonymous,EN,Yes,Yes,Yes,Yes,Yes,5e1a11c43f6e1d28982be6eb,£0.50 ,,0,I might get £0.55 but I might also get £0.00.,,0,0,0,0,0,0,0,0,0,0,0,0,0,0,12,0,£0.50 ,,0,I get £0.55 if my partner also chooses Option B. But I will get £0.00 if I choose this option and my partner does not.,,0,0,0,0,0,0,0,1,1,1,1,1,5,7,7,0,3,2,5e1a11c43f6e1d28982be6eb,42,Male,Yes,Yes
43990.69975,43990.7033,IP Address,100,307,TRUE,43990.70332,R_2fqUn377blCHMOH,anonymous,EN,Yes,Yes,Yes,Yes,Yes,5e1b5bd840681337040cd364,£0.50 ,,0,I might get £0.55 but I might also get £0.00.,,0,0,0,0,0,0,0,1,1,1,1,1,5,7,7,0,£0.50 ,,0,I get £0.55 if my partner also chooses Option B. But I will get £0.00 if I choose this option and my partner does not.,,0,1,1,1,1,1,1,1,1,1,1,1,11,1,1,0,4,2,5e1b5bd840681337040cd364,37,Male,Yes,Yes
43990.57172,43990.57363,IP Address,100,164,TRUE,43990.57364,R_21hSyYYXVskzbMM,anonymous,EN,Yes,Yes,Yes,Yes,Yes,5e1b5cd3d65aef37ff5cadf7,£0.50 ,,0,I might get £0.55 but I might also get £0.00.,,0,0,0,0,0,1,1,1,1,1,1,1,7,5,5,0,£0.50 ,,0,I get £0.55 if my partner also chooses Option B. But I will get £0.00 if I choose this option and my partner does not.,,0,0,0,0,1,1,1,1,1,1,1,1,8,4,4,0,4,4,5e1b5cd3d65aef37ff5cadf7,28,Male,No,No
43990.54694,43990.54951,IP Address,100,222,TRUE,43990.54953,R_3etqQHdUP9AM0Uy,anonymous,EN,Yes,Yes,Yes,Yes,Yes,5e1b8ad2eae6663b8f4a9f0d,£0.50 ,,0,I might get £0.55 but I might also get £0.00.,,0,1,1,1,1,1,1,1,1,1,1,1,11,1,1,0,£0.50 ,,0,I get £0.55 if my partner also chooses Option B. But I will get £0.00 if I choose this option and my partner does not.,,0,0,0,0,0,0,0,0,0,1,1,1,3,9,9,0,1,5,5e1b8ad2eae6663b8f4a9f0d,27,Female,Yes,Yes
43990.54964,43990.55297,IP Address,100,287,TRUE,43990.55298,R_2qf25BaGzPeWJ2v,anonymous,EN,Yes,Yes,Yes,Yes,Yes,5e1c6eb807951345dc242ef4,£0.50 ,,0,I might get £0.55 but I might also get £0.00.,,0,0,0,0,0,0,1,1,1,1,0,1,5,6,7,1,£0.50 ,,0,I get £0.55 if my partner also chooses Option B. But I will get £0.00 if I choose this option and my partner does not.,,0,0,1,1,1,1,1,1,1,1,1,1,10,2,2,0,5,4,5e1c6eb807951345dc242ef4,26,Female,Yes,No
43990.64786,43990.65116,IP Address,100,284,TRUE,43990.65117,R_3075kvF1iyHoPCV,anonymous,EN,Yes,Yes,Yes,Yes,Yes,5e1c83bc110ee9000c7a2b9a,£0.50 ,,0,I might get £0.55 but I might also get £0.00.,,0,0,0,0,0,0,0,0,0,0,0,1,1,11,11,0,£0.50 ,,0,I get £0.55 if my partner also chooses Option B. But I will get £0.00 if I choose this option and my partner does not.,,0,0,0,0,0,0,0,1,3,1,1,1,7,7,7,0,4,2,5e1c83bc110ee9000c7a2b9a,19,Female,No,No
43990.54911,43990.55162,IP Address,100,217,TRUE,43990.55163,R_ZI5GDgg4brWAVrz,anonymous,EN,Yes,Yes,Yes,Yes,Yes,5e1c8869bd7385011a5b074f,£0.50 ,,0,I might get £0.55 but I might also get £0.00.,,0,0,1,1,1,1,0,1,1,0,0,0,6,2,6,1,£0.50 ,,0,I get £0.55 if my partner also chooses Option B. But I will get £0.00 if I choose this option and my partner does not.,,0,0,1,1,1,1,1,1,1,1,1,1,10,2,2,0,4,2,5e1c8869bd7385011a5b074f,19,Male,Yes,Yes
43990.78912,43990.7927,IP Address,100,309,TRUE,43990.79271,R_3ijNeW63OK3mcHH,anonymous,EN,Yes,Yes,Yes,Yes,Yes,5e1cf81fb510aa07d35c9650,£0.50 ,,0,I might get £0.55 but I might also get £0.00.,,0,0,0,0,0,0,0,1,1,1,1,1,5,7,7,0,£0.50 ,,0,I get £0.55 if my partner also chooses Option B. But I will get £0.00 if I choose this option and my partner does not.,,0,0,0,0,1,1,1,1,1,1,1,1,8,4,4,0,5,2,5e1cf81fb510aa07d35c9650,28,Male,Yes,Yes
43990.96484,43990.96815,IP Address,100,285,TRUE,43990.96816,R_3IYKXXCCdtlJEM0,anonymous,EN,Yes,Yes,Yes,Yes,Yes,5e1cfb9a114df808f7bc0cb6,£0.50 ,,0,I might get £0.55 but I might also get £0.00.,,0,0,0,0,0,1,1,1,1,1,1,1,7,5,5,0,£0.50 ,,0,I get £0.55 if my partner also chooses Option B. But I will get £0.00 if I choose this option and my partner does not.,,0,0,0,0,1,1,1,1,1,1,1,1,8,4,4,0,4,2,5e1cfb9a114df808f7bc0cb6,19,Male,No,Yes
43990.68706,43990.68958,IP Address,100,217,TRUE,43990.68959,R_2pVjHSwXn6sEn5c,anonymous,EN,Yes,Yes,Yes,Yes,Yes,5e207cdbdbc6703853bd2197,£0.50 ,,0,I might get £0.55 but I might also get £0.00.,,0,0,0,0,0,0,1,0,1,0,1,0,3,6,9,1,£0.50 ,,0,I get £0.55 if my partner also chooses Option B. But I will get £0.00 if I choose this option and my partner does not.,,0,0,0,0,0,0,0,0,0,0,0,0,0,0,12,0,3,1,5e207cdbdbc6703853bd2197,35,Female,Yes,Yes
43990.91975,43990.92686,IP Address,100,614,TRUE,43990.92687,R_2dQmLS18iVgWVvI,anonymous,EN,Yes,Yes,Yes,Yes,Yes,5e2174afcf46ff459df4e238,£0.50 ,,0,I might get £0.55 but I might also get £0.00.,,0,0,0,0,0,0,0,0,0,0,0,1,1,11,11,0,£0.50 ,,0,I get £0.55 if my partner also chooses Option B. But I will get £0.00 if I choose this option and my partner does not.,,0,0,0,0,0,0,0,0,0,0,0,0,0,0,12,0,4,3,5e2174afcf46ff459df4e238,27,Male,Yes,Yes
43990.55066,43990.55422,IP Address,100,307,TRUE,43990.55424,R_2wgAwHxo996y8dX,anonymous,EN,Yes,Yes,Yes,Yes,Yes,5e2720de173db496168318c6,£0.50 ,,0,I might get £0.55 but I might also get £0.00.,,0,0,0,0,0,0,0,1,1,1,1,1,5,7,7,0,£0.50 ,,0,I get £0.55 if my partner also chooses Option B. But I will get £0.00 if I choose this option and my partner does not.,,0,0,0,0,0,1,1,1,1,1,1,1,7,5,5,0,5,4,5e2720de173db496168318c6,22,Male,Yes,Yes
43990.83552,43990.83809,IP Address,100,221,TRUE,43990.8381,R_1ooq2D3GCzPegCN,anonymous,EN,Yes,Yes,Yes,Yes,Yes,5e28b70345855d08b736ac7c,£0.50 ,,0,I might get £0.55 but I might also get £0.00.,,0,0,0,0,0,0,0,0,0,1,0,1,2,9,10,1,£0.50 ,,0,I get £0.55 if my partner also chooses Option B. But I will get £0.00 if I choose this option and my partner does not.,,0,0,0,0,0,0,0,1,1,1,1,1,5,7,7,0,3,1,5e28b70345855d08b736ac7c,33,Female,Yes,No
43990.54648,43990.55052,IP Address,100,348,TRUE,43990.55053,R_2xXbUBfPcNCaGNb,anonymous,EN,Yes,Yes,Yes,Yes,Yes,5e2a0c147554ec075dcd5030,£0.50 ,,0,I might get £0.55 but I might also get £0.00.,,0,0,0,0,0,0,0,0,0,1,0,0,1,9,11,1,£0.50 ,,0,I get £0.55 if my partner also chooses Option B. But I will get £0.00 if I choose this option and my partner does not.,,0,0,0,0,0,0,0,1,1,1,1,1,5,7,7,0,5,4,5e2a0c147554ec075dcd5030,28,Male,Yes,Yes
43990.55859,43990.56171,IP Address,100,269,TRUE,43990.56172,R_sRsfHhQgNyon9v3,anonymous,EN,Yes,Yes,Yes,Yes,Yes,5e2ac2737916f010b330807f,£0.50 ,,0,I might get £0.55 but I might also get £0.00.,,0,0,0,0,0,0,0,0,0,0,0,1,1,11,11,0,£0.50 ,,0,I get £0.55 if my partner also chooses Option B. But I will get £0.00 if I choose this option and my partner does not.,,0,0,0,0,0,1,1,1,1,1,1,1,7,5,5,0,3,1,5e2ac2737916f010b330807f,33,Male,Yes,No
43990.54442,43990.54961,IP Address,100,447,TRUE,43990.54961,R_A73BOWhNmSaW89j,anonymous,EN,Yes,Yes,Yes,Yes,Yes,5e2c240986f3a3249ea3231c,£0.50 ,,0,I might get £0.55 but I might also get £0.00.,,0,0,0,0,0,0,0,0,0,0,0,1,1,11,11,0,£0.50 ,,0,I get £0.55 if my partner also chooses Option B. But I will get £0.00 if I choose this option and my partner does not.,,0,0,1,1,1,1,1,1,1,1,1,1,10,2,2,0,5,1,5e2c240986f3a3249ea3231c,18,Female,Yes,Yes
43990.54638,43990.54818,IP Address,100,155,TRUE,43990.54819,R_UhBcfoP3qZe0cRH,anonymous,EN,Yes,Yes,Yes,Yes,Yes,5e302a1b1d1be6020f98b214,£0.50 ,,0,I might get £0.55 but I might also get £0.00.,,0,0,0,0,0,0,0,0,0,1,1,1,3,9,9,0,£0.50 ,,0,I get £0.55 if my partner also chooses Option B. But I will get £0.00 if I choose this option and my partner does not.,,0,1,1,1,1,1,1,1,1,1,1,1,11,1,1,0,5,3,5e302a1b1d1be6020f98b214,20,Male,Yes,Yes
43992.43845,43992.44161,IP Address,100,273,TRUE,43992.44162,R_2YDhdFimYAG9iV3,anonymous,EN,Yes,Yes,Yes,Yes,Yes,5e306e9e41d1cd06ce49a2da,£0.50 ,,0,I might get £0.55 but I might also get £0.00.,,0,0,0,0,0,0,0,1,0,1,1,1,4,7,8,1,£0.50 ,,0,I get £0.55 if my partner also chooses Option B. But I will get £0.00 if I choose this option and my partner does not.,,0,0,0,0,0,1,1,1,1,1,1,1,7,5,5,0,1,2,5e306e9e41d1cd06ce49a2da,20,Female,Yes,Yes
43990.66249,43990.66564,IP Address,100,271,TRUE,43990.66565,R_2v8F3Xux9mqXqxK,anonymous,EN,Yes,Yes,Yes,Yes,Yes,5e307812c0b28907a0a74027,£0.50 ,,0,I might get £0.55 but I might also get £0.00.,,0,0,0,0,0,0,0,1,1,1,1,1,5,7,7,0,£0.50 ,,0,I get £0.55 if my partner also chooses Option B. But I will get £0.00 if I choose this option and my partner does not.,,0,0,0,0,0,0,0,0,0,0,0,0,0,0,12,0,5,1,5e307812c0b28907a0a74027,35,Female,Yes,Yes
43990.57468,43990.57694,IP Address,100,195,TRUE,43990.57695,R_1IzSwmvgn0Y4Jgm,anonymous,EN,Yes,Yes,Yes,Yes,Yes,5e328fc0a7365325cc819dae,£0.50 ,,0,I might get £0.55 but I might also get £0.00.,,0,1,1,1,1,1,1,1,1,1,1,1,11,1,1,0,£0.50 ,,0,I get £0.55 if my partner also chooses Option B. But I will get £0.00 if I choose this option and my partner does not.,,0,0,0,0,0,0,0,1,1,1,1,1,5,7,7,0,3,1,5e328fc0a7365325cc819dae,27,Female,No,No
43990.55365,43990.55703,IP Address,100,291,TRUE,43990.55703,R_2vkuuBbq0CiOPdT,anonymous,EN,Yes,Yes,Yes,Yes,Yes,5e33190a5a41122e93c40989,£0.50 ,,0,I might get £0.55 but I might also get £0.00.,,0,0,0,0,0,0,0,0,0,1,1,1,3,9,9,0,£0.50 ,,0,I get £0.55 if my partner also chooses Option B. But I will get £0.00 if I choose this option and my partner does not.,,0,0,0,0,0,0,0,0,1,1,1,1,4,8,8,0,5,1,5e33190a5a41122e93c40989,48,Female,Yes,Yes
43990.5462,43990.55186,IP Address,100,488,TRUE,43990.55188,R_1OBH4orEXfm54ia,anonymous,EN,Yes,Yes,Yes,Yes,Yes,5e35a3e69fa74954d2f843d6,£0.50 ,,0,I might get £0.55 but I might also get £0.00.,,0,0,0,0,0,0,0,0,0,0,0,0,0,0,12,0,£1.00 ,£0.50 ,1,I get £0.55 if my partner also chooses Option B. But I will get £0.00 if I choose this option and my partner does not.,,0,0,0,0,0,0,0,0,0,0,0,0,0,0,12,0,3,2,5e35a3e69fa74954d2f843d6,61,Female,Yes,Yes
43990.5462,43990.56507,IP Address,100,1630,TRUE,43990.56508,R_3rIFXFcX97shywK,anonymous,EN,Yes,Yes,Yes,Yes,Yes,5e37169d55c80a6a871d2a74,£0.50 ,,0,I might get £0.55 but I might also get £0.00.,,0,0,0,0,0,0,0,1,1,1,1,1,5,7,7,0,£0.50 ,,0,I get £0.55 if my partner also chooses Option B. But I will get £0.00 if I choose this option and my partner does not.,,0,0,0,0,0,0,0,0,0,0,0,0,0,0,12,0,2,4,5e37169d55c80a6a871d2a74,18,Male,Yes,Yes
43990.54247,43990.54561,IP Address,100,272,TRUE,43990.54562,R_yz1pUfKdboKx7dn,anonymous,EN,Yes,Yes,Yes,Yes,Yes,5e3724cda502c86bf798b15f,£0.50 ,,0,I might get £0.55 but I might also get £0.00.,,0,0,0,0,0,1,1,1,1,1,1,1,7,5,5,0,£0.50 ,,0,I get £0.55 if my partner also chooses Option B. But I will get £0.00 if I choose this option and my partner does not.,,0,1,1,1,1,1,1,1,1,1,1,1,11,1,1,0,5,3,5e3724cda502c86bf798b15f,18,Male,Yes,Yes
43990.63747,43990.63927,IP Address,100,156,TRUE,43990.63928,R_1GCFGBQlj6ROdv3,anonymous,EN,Yes,Yes,Yes,Yes,Yes,5e377d1ac0b28970cf33db0e,£0.50 ,,0,I might get £0.55 but I might also get £0.00.,,0,0,0,0,0,1,1,0,1,1,1,1,6,5,6,1,£0.50 ,,0,I get £0.55 if my partner also chooses Option B. But I will get £0.00 if I choose this option and my partner does not.,,0,0,0,0,0,0,1,1,1,1,1,1,6,6,6,0,4,3,5e377d1ac0b28970cf33db0e,21,Male,Yes,Yes
43990.54807,43990.55023,IP Address,100,186,TRUE,43990.55024,R_w7ZrlB8zPPTZvmV,anonymous,EN,Yes,Yes,Yes,Yes,Yes,5e37dd854234ff73535f6344,£0.50 ,,0,I might get £0.55 but I might also get £0.00.,,0,0,0,0,0,0,0,0,0,0,0,0,0,0,12,0,£0.50 ,,0,I get £0.55 if my partner also chooses Option B. But I will get £0.00 if I choose this option and my partner does not.,,0,1,1,1,1,1,1,1,1,1,1,1,11,1,1,0,4,1,5e37dd854234ff73535f6344,37,Male,No,No
43990.60001,43990.60381,IP Address,100,328,TRUE,43990.60381,R_2zkesgJ4jMCcmCo,anonymous,EN,Yes,Yes,Yes,Yes,Yes,5e37e00b7c47e4749a6ddbca,£0.50 ,,0,I might get £0.55 but I might also get £0.00.,,0,0,0,0,0,1,1,1,1,1,1,1,7,5,5,0,£0.50 ,,0,I get £0.55 if my partner also chooses Option B. But I will get £0.00 if I choose this option and my partner does not.,,0,0,0,0,0,0,0,1,1,1,1,1,5,7,7,0,1,4,5e37e00b7c47e4749a6ddbca,36,Female,Yes,No
43990.55069,43990.55407,IP Address,100,292,TRUE,43990.55408,R_3JwPCTEAOoEMfbn,anonymous,EN,Yes,Yes,Yes,Yes,Yes,5e383e4c95ff5604a043c48f,£0.50 ,,0,I might get £0.55 but I might also get £0.00.,,0,0,0,0,0,0,0,0,0,1,1,1,3,9,9,0,£0.50 ,,0,I get £0.55 if my partner also chooses Option B. But I will get £0.00 if I choose this option and my partner does not.,,0,0,0,0,0,0,0,0,1,1,1,1,4,8,8,0,2,2,5e383e4c95ff5604a043c48f,25,Male,Yes,Yes
43990.54326,43990.54601,IP Address,100,237,TRUE,43990.54602,R_3CC8SqxdtdOT666,anonymous,EN,Yes,Yes,Yes,Yes,Yes,5e39785dd8843b18236f1371,£0.50 ,,0,I might get £0.55 but I might also get £0.00.,,0,1,1,1,1,1,1,1,1,1,1,1,11,1,1,0,£0.50 ,,0,I get £0.55 if my partner also chooses Option B. But I will get £0.00 if I choose this option and my partner does not.,,0,0,1,1,1,1,1,1,1,1,1,1,10,2,2,0,3,1,5e39785dd8843b18236f1371,35,Male,No,Yes
43990.5612,43990.56451,IP Address,100,286,TRUE,43990.56452,R_3g6hMZLBGYhgrbl,anonymous,EN,Yes,Yes,Yes,Yes,Yes,5e39cf67f0bf0f1edec3357e,£0.50 ,,0,I might get £0.55 but I might also get £0.00.,,0,0,0,0,0,0,0,1,1,1,1,1,5,7,7,0,£0.50 ,,0,I get £0.55 if my partner also chooses Option B. But I will get £0.00 if I choose this option and my partner does not.,,0,0,0,0,0,0,0,0,0,1,1,1,3,9,9,0,5,2,5e39cf67f0bf0f1edec3357e,21,Female,Yes,Yes
43990.54838,43990.55127,IP Address,100,250,TRUE,43990.55128,R_5pRIQEiTsKlmun7,anonymous,EN,Yes,Yes,Yes,Yes,Yes,5e3b29dc87243b34bde5abfa,£0.50 ,,0,I might get £0.55 but I might also get £0.00.,,0,0,0,0,0,0,0,0,0,1,1,1,3,9,9,0,£0.50 ,,0,I get £0.55 if my partner also chooses Option B. But I will get £0.00 if I choose this option and my partner does not.,,0,0,1,1,1,1,1,1,1,1,1,1,10,2,2,0,1,4,5e3b29dc87243b34bde5abfa,41,Male,Yes,Yes
43990.54892,43990.55249,IP Address,100,307,TRUE,43990.5525,R_8c3OzB60OwJlCWB,anonymous,EN,Yes,Yes,Yes,Yes,Yes,5e3b6efcd38f3338482576f8,£0.50 ,,0,I might get £0.55 but I might also get £0.00.,,0,0,0,0,0,0,0,0,0,1,1,1,3,9,9,0,£0.50 ,,0,I get £0.55 if my partner also chooses Option B. But I will get £0.00 if I choose this option and my partner does not.,,0,0,0,0,0,0,0,1,1,1,1,1,5,7,7,0,2,5,5e3b6efcd38f3338482576f8,20,Female,No,No
43990.55111,43990.55326,IP Address,100,186,TRUE,43990.55328,R_xi2DdOeWMkCf18l,anonymous,EN,Yes,Yes,Yes,Yes,Yes,5e3da9145216cc01896923ff,£0.50 ,,0,I might get £0.55 but I might also get £0.00.,,0,0,0,0,0,0,0,0,0,0,0,1,1,11,11,0,£0.50 ,,0,I get £0.55 if my partner also chooses Option B. But I will get £0.00 if I choose this option and my partner does not.,,0,0,0,1,1,1,1,1,1,1,1,1,9,3,3,0,5,2,5e3da9145216cc01896923ff,20,Male,Yes,Yes
43990.59939,43990.60093,IP Address,100,132,TRUE,43990.60094,R_2P1qsWPw4mPWwaY,anonymous,EN,Yes,Yes,Yes,Yes,Yes,5e3ddb195f158605194d354e,£0.50 ,,0,I might get £0.55 but I might also get £0.00.,,0,0,0,0,0,0,0,0,0,0,0,0,0,0,12,0,£0.50 ,,0,I get £0.55 if my partner also chooses Option B. But I will get £0.00 if I choose this option and my partner does not.,,0,1,1,1,1,1,1,1,1,1,1,1,11,1,1,0,5,1,5e3ddb195f158605194d354e,21,Male,Yes,Yes
43990.79502,43990.80025,IP Address,100,452,TRUE,43990.80027,R_2ZJqD072aVElaLD,anonymous,EN,Yes,Yes,Yes,Yes,Yes,5e3df819d96094073a9c939a,£0.50 ,,0,I might get £0.55 but I might also get £0.00.,,0,0,0,0,0,0,0,0,0,0,0,0,0,0,12,0,£0.50 ,,0,I get £0.55 if my partner also chooses Option B. But I will get £0.00 if I choose this option and my partner does not.,,0,0,0,1,1,1,1,1,1,1,1,1,9,3,3,0,3,1,5e3df819d96094073a9c939a,47,Female,Yes,Yes
43990.54515,43990.55225,IP Address,100,612,TRUE,43990.55225,R_3ltdNT8EGoiuqnu,anonymous,EN,Yes,Yes,Yes,Yes,Yes,5e3e5424c8afcf0c0cd0a9ac,£0.50 ,,0,I might get £0.55 but I might also get £0.00.,,0,0,0,0,1,0,0,1,1,1,1,1,6,4,6,1,£0.50 ,,0,I get £0.55 if my partner also chooses Option B. But I will get £0.00 if I choose this option and my partner does not.,,0,0,1,1,1,1,1,1,1,1,1,1,10,2,2,0,5,1,5e3e5424c8afcf0c0cd0a9ac,23,Female,No,No
43990.87427,43990.87903,IP Address,100,411,TRUE,43990.87904,R_2UfP3pvgbqMfsvN,anonymous,EN,Yes,Yes,Yes,Yes,Yes,5e3e6dd1e640140cfe9f69b4,£0.50 ,,0,I might get £0.55 but I might also get £0.00.,,0,0,0,0,0,0,1,1,1,1,1,1,6,6,6,0,£0.50 ,,0,I get £0.55 if my partner also chooses Option B. But I will get £0.00 if I choose this option and my partner does not.,,0,0,0,0,0,0,0,0,0,1,1,1,3,9,9,0,5,1,5e3e6dd1e640140cfe9f69b4,30,Male,Yes,Yes
43990.55137,43990.55363,IP Address,100,196,TRUE,43990.55365,R_AG6Z8SmKMO30sRX,anonymous,EN,Yes,Yes,Yes,Yes,Yes,5e3eac63d036a9105d6138a0,£0.50 ,,0,I might get £0.55 but I might also get £0.00.,,0,0,0,0,0,0,1,1,1,1,1,1,6,6,6,0,£0.50 ,,0,I get £0.55 if my partner also chooses Option B. But I will get £0.00 if I choose this option and my partner does not.,,0,0,0,1,1,1,1,1,1,1,1,1,9,3,3,0,5,3,5e3eac63d036a9105d6138a0,18,Male,Yes,Yes
43990.95966,43990.96193,IP Address,100,196,TRUE,43990.96195,R_12nDAw1nnVVtOQb,anonymous,EN,Yes,Yes,Yes,Yes,Yes,5e404a6d19a5ea2934b6a04e,£0.50 ,,0,I might get £0.55 but I might also get £0.00.,,0,0,0,0,0,0,0,1,1,1,1,1,5,7,7,0,£0.50 ,,0,I get £0.55 if my partner also chooses Option B. But I will get £0.00 if I choose this option and my partner does not.,,0,0,1,1,1,1,1,1,1,1,1,1,10,2,2,0,5,1,5e404a6d19a5ea2934b6a04e,34,Female,Yes,Yes
43991.49058,43991.49522,IP Address,100,400,TRUE,43991.49523,R_1H6JVOUZGqYbL4K,anonymous,EN,Yes,Yes,Yes,Yes,Yes,5e415bd77d4636000a67e98d,£0.50 ,,0,I might get £0.55 but I might also get £0.00.,,0,0,0,0,0,0,0,0,0,0,1,1,2,10,10,0,£0.50 ,,0,I get £0.55 if my partner also chooses Option B. But I will get £0.00 if I choose this option and my partner does not.,,0,0,0,0,0,0,0,0,0,0,0,0,0,0,12,0,5,1,5e415bd77d4636000a67e98d,50,Male,Yes,Yes
43990.54782,43990.55072,IP Address,100,249,TRUE,43990.55072,R_2CQDiUywxozgOXV,anonymous,EN,Yes,Yes,Yes,Yes,Yes,5e4528f3e7a9e1000d62396b,£0.50 ,,0,I might get £0.55 but I might also get £0.00.,,0,0,0,0,0,0,0,1,1,1,1,1,5,7,7,0,£0.50 ,,0,I get £0.55 if my partner also chooses Option B. But I will get £0.00 if I choose this option and my partner does not.,,0,0,0,0,0,1,1,1,1,1,1,1,7,5,5,0,3,4,5e4528f3e7a9e1000d62396b,19,Female,Yes,Yes
43990.68203,43990.68512,IP Address,100,266,TRUE,43990.68512,R_1Nn13kSwaSDKUsC,anonymous,EN,Yes,Yes,Yes,Yes,Yes,5e453997ad941e000d927300,£0.50 ,,0,I might get £0.55 but I might also get £0.00.,,0,0,0,0,0,0,0,1,1,1,1,1,5,7,7,0,£0.50 ,,0,I get £0.55 if my partner also chooses Option B. But I will get £0.00 if I choose this option and my partner does not.,,0,0,0,1,1,1,1,1,1,1,1,1,9,3,3,0,4,2,5e453997ad941e000d927300,22,Male,Yes,Yes
43990.7544,43990.75757,IP Address,100,273,TRUE,43990.75757,R_3jdi62dT6aHXqUm,anonymous,EN,Yes,Yes,Yes,Yes,Yes,5e4545c5a8f19a01c0fc53bd,£0.50 ,,0,I might get £0.55 but I might also get £0.00.,,0,0,0,0,0,0,0,1,1,1,1,1,5,7,7,0,£0.50 ,,0,I get £0.55 if my partner also chooses Option B. But I will get £0.00 if I choose this option and my partner does not.,,0,0,0,0,0,0,0,0,1,0,1,1,3,8,9,1,4,2,5e4545c5a8f19a01c0fc53bd,31,Male,Yes,Yes
43990.55959,43990.56385,IP Address,100,368,TRUE,43990.56386,R_xAgOj6mEDWj4oz7,anonymous,EN,Yes,Yes,Yes,Yes,Yes,5e455ad0703c9403276f7872,£0.50 ,,0,I might get £0.55 but I might also get £0.00.,,0,0,0,0,0,0,0,0,0,0,0,1,1,11,11,0,£0.50 ,,0,I get £0.55 if my partner also chooses Option B. But I will get £0.00 if I choose this option and my partner does not.,,0,0,0,0,0,1,0,1,1,1,1,1,6,5,6,1,5,4,5e455ad0703c9403276f7872,31,Female,No,No
43990.55785,43990.56119,IP Address,100,288,TRUE,43990.5612,R_sheJEBVT8Ul5YZj,anonymous,EN,Yes,Yes,Yes,Yes,Yes,5e465ab4c07877130185c306,£0.50 ,,0,I might get £0.55 but I might also get £0.00.,,0,0,0,0,0,1,1,1,1,1,1,1,7,5,5,0,£0.50 ,,0,I get £0.55 if my partner also chooses Option B. But I will get £0.00 if I choose this option and my partner does not.,,0,0,0,0,0,1,1,1,1,1,1,1,7,5,5,0,5,2,5e465ab4c07877130185c306,30,Female,No,No
43990.62362,43990.62581,IP Address,100,189,TRUE,43990.62582,R_392kuBOurmf8xlD,anonymous,EN,Yes,Yes,Yes,Yes,Yes,5e46b56ccd0fc703d56d4d78,£0.50 ,,0,I might get £0.55 but I might also get £0.00.,,0,1,1,1,1,1,1,1,1,1,1,1,11,1,1,0,£0.50 ,,0,I get £0.55 if my partner also chooses Option B. But I will get £0.00 if I choose this option and my partner does not.,,0,0,0,0,0,0,0,1,1,1,1,1,5,7,7,0,5,1,5e46b56ccd0fc703d56d4d78,23,Female,Yes,Yes
43990.57531,43990.57738,IP Address,100,179,TRUE,43990.57739,R_11XDCwcJc0VtJG2,anonymous,EN,Yes,Yes,Yes,Yes,Yes,5e496c358bd52c3e100882f3,£0.50 ,,0,I might get £0.55 but I might also get £0.00.,,0,0,0,0,0,0,0,0,0,0,0,0,0,0,12,0,£0.50 ,,0,I get £0.55 if my partner also chooses Option B. But I will get £0.00 if I choose this option and my partner does not.,,0,0,1,1,1,1,1,1,1,1,1,0,9,2,3,1,1,4,5e496c358bd52c3e100882f3,31,Male,No,No
43990.63247,43990.6386,IP Address,100,530,TRUE,43990.63861,R_31oo1QqCTRya8Zr,anonymous,EN,Yes,Yes,Yes,Yes,Yes,5e4986af094e4b3fb6dd8384,£0.50 ,,0,I might get £0.55 but I might also get £0.00.,,0,0,0,0,0,0,0,0,0,1,0,1,2,9,10,1,£0.50 ,,0,I get £0.55 if my partner also chooses Option B. But I will get £0.00 if I choose this option and my partner does not.,,0,0,1,1,1,1,1,1,1,1,1,1,10,2,2,0,3,2,5e4986af094e4b3fb6dd8384,19,Male,No,No
43990.54719,43990.54942,IP Address,100,193,TRUE,43990.54943,R_szokkdcfyw6X8MF,anonymous,EN,Yes,Yes,Yes,Yes,Yes,5e4b2a1a6a0c8403b9f8938e,£0.50 ,,0,I might get £0.55 but I might also get £0.00.,,0,0,0,0,0,1,0,1,1,1,1,1,6,5,6,1,£0.50 ,,0,I get £0.55 if my partner also chooses Option B. But I will get £0.00 if I choose this option and my partner does not.,,0,0,1,1,1,1,1,1,1,1,1,1,10,2,2,0,1,2,5e4b2a1a6a0c8403b9f8938e,22,Male,Yes,Yes
43990.58512,43990.5873,IP Address,100,188,TRUE,43990.58731,R_2EGjpgVqDPralIR,anonymous,EN,Yes,Yes,Yes,Yes,Yes,5e4c021701ea4d0454d6a627,£0.50 ,,0,I might get £0.55 but I might also get £0.00.,,0,0,0,0,0,0,0,1,1,1,1,1,5,7,7,0,£0.50 ,,0,I get £0.55 if my partner also chooses Option B. But I will get £0.00 if I choose this option and my partner does not.,,0,0,0,0,0,1,1,1,1,1,1,1,7,5,5,0,4,2,5e4c021701ea4d0454d6a627,23,Male,Yes,Yes
43990.57288,43990.57557,IP Address,100,232,TRUE,43990.57557,R_UcNS2VEOXPT3lCN,anonymous,EN,Yes,Yes,Yes,Yes,Yes,5e4c144b7e9dfa069f97e298,£0.50 ,,0,I might get £0.55 but I might also get £0.00.,,0,0,0,0,0,0,1,1,1,1,1,1,6,6,6,0,£0.50 ,,0,I get £0.55 if my partner also chooses Option B. But I will get £0.00 if I choose this option and my partner does not.,,0,1,1,1,1,1,1,1,1,1,1,1,11,1,1,0,3,2,5e4c144b7e9dfa069f97e298,29,Male,Yes,Yes
43990.57132,43990.57314,IP Address,100,157,TRUE,43990.57315,R_O2WuPRBOlyPVRKh,anonymous,EN,Yes,Yes,Yes,Yes,Yes,5e4c3eb1aa5ed3086722020b,£0.25 ,£0.50 ,1,I might get £0.55 but I might also get £0.20.,I might get £0.55 but I might also get £0.00.,1,0,0,0,0,0,0,1,1,1,1,1,5,7,7,0,£1.00 ,£1.00 ,1,I get £0.55 if my partner also chooses Option B. But I will get £0.20 if I choose this option and my partner does not.,£0.75 ,2,0,0,0,0,0,0,1,1,1,1,1,5,7,7,0,4,4,5e4c3eb1aa5ed3086722020b,24,Female,Yes,Yes
43990.62678,43990.6305,IP Address,100,321,TRUE,43990.63051,R_dhuPonBqavHSbnj,anonymous,EN,Yes,Yes,Yes,Yes,Yes,5e4d7cc649ce3604356ac4d5,£0.50 ,,0,I might get £0.55 but I might also get £0.00.,,0,0,0,0,0,1,1,1,1,1,1,1,7,5,5,0,£0.50 ,,0,I get £0.55 if my partner also chooses Option B. But I will get £0.00 if I choose this option and my partner does not.,,0,0,1,1,1,1,1,1,1,1,1,1,10,2,2,0,5,2,5e4d7cc649ce3604356ac4d5,20,Male,Yes,Yes
43990.56586,43990.56834,IP Address,100,214,TRUE,43990.56836,R_3s0rjQwzIZ63jY5,anonymous,EN,Yes,Yes,Yes,Yes,Yes,5e4dc0e1506e2f222ce980be,£0.50 ,,0,I might get £0.55 but I might also get £0.00.,,0,0,1,0,0,0,1,0,1,1,1,1,6,2,6,1,£0.50 ,,0,I get £0.55 if my partner also chooses Option B. But I will get £0.00 if I choose this option and my partner does not.,,0,0,0,0,0,0,0,0,0,1,1,1,3,9,9,0,2,4,5e4dc0e1506e2f222ce980be,20,Male,Yes,No
43990.62046,43990.62265,IP Address,100,189,TRUE,43990.62266,R_1M0RAYSx4UEXgGi,anonymous,EN,Yes,Yes,Yes,Yes,Yes,5e4e569abc5c542a78d6a928,£0.50 ,,0,I might get £0.55 but I might also get £0.00.,,0,0,0,0,0,1,1,1,1,1,1,1,7,5,5,0,£0.50 ,,0,I get £0.55 if my partner also chooses Option B. But I will get £0.00 if I choose this option and my partner does not.,,0,0,0,0,0,0,0,1,1,1,1,1,5,7,7,0,4,2,5e4e569abc5c542a78d6a928,25,Female,Yes,Yes
43990.54787,43990.55435,IP Address,100,560,TRUE,43990.55436,R_BKV6sB0ItMe9pWF,anonymous,EN,Yes,Yes,Yes,Yes,Yes,5e4e5ff1be83df2a4936f61e,£0.50 ,,0,I might get £0.55 but I might also get £0.00.,,0,1,1,1,1,1,1,1,1,1,1,1,11,1,1,0,£0.50 ,,0,I get £0.55 if my partner also chooses Option B. But I will get £0.00 if I choose this option and my partner does not.,,0,0,0,0,0,0,0,0,0,1,1,1,3,9,9,0,3,4,5e4e5ff1be83df2a4936f61e,20,Male,Yes,Yes
43990.54634,43990.55131,IP Address,100,428,TRUE,43990.55131,R_1d1d5IyqWEtcyx7,anonymous,EN,Yes,Yes,Yes,Yes,Yes,5e4e7902e850d12c0e77206f,£0.50 ,,0,I might get £0.55 but I might also get £0.00.,,0,0,0,0,0,0,1,1,1,1,1,1,6,6,6,0,£0.50 ,,0,I get £0.55 if my partner also chooses Option B. But I will get £0.00 if I choose this option and my partner does not.,,0,0,0,0,0,0,0,0,1,1,1,1,4,8,8,0,4,1,5e4e7902e850d12c0e77206f,31,Female,Yes,Yes
43990.54674,43990.54883,IP Address,100,180,TRUE,43990.54884,R_1CjvvbBqOQSAmr0,anonymous,EN,Yes,Yes,Yes,Yes,Yes,5e4e9b1e6dabfb01ca072f11,£0.50 ,,0,I might get £0.55 but I might also get £0.00.,,0,0,0,0,0,0,1,1,1,1,1,1,6,6,6,0,£0.50 ,,0,I get £0.55 if my partner also chooses Option B. But I will get £0.00 if I choose this option and my partner does not.,,0,0,0,0,1,1,1,1,1,1,1,1,8,4,4,0,5,3,5e4e9b1e6dabfb01ca072f11,22,Female,Yes,Yes
43990.54969,43990.55359,IP Address,100,336,TRUE,43990.55359,R_25BgMXbO4k7AuAi,anonymous,EN,Yes,Yes,Yes,Yes,Yes,5e50209d9e16e2057ab3fb0c,£0.50 ,,0,I might get £0.55 but I might also get £0.00.,,0,0,0,0,0,0,1,1,1,1,1,1,6,6,6,0,£0.50 ,,0,I get £0.55 if my partner also chooses Option B. But I will get £0.00 if I choose this option and my partner does not.,,0,0,0,1,1,1,1,1,1,1,1,1,9,3,3,0,1,5,5e50209d9e16e2057ab3fb0c,47,Female,Yes,Yes
43990.56409,43990.56634,IP Address,100,194,TRUE,43990.56635,R_2zHkbtgToloQwI9,anonymous,EN,Yes,Yes,Yes,Yes,Yes,5e50325cae58e40871e64747,£0.50 ,,0,I might get £0.55 but I might also get £0.00.,,0,0,0,0,0,0,0,0,0,1,1,1,3,9,9,0,£0.50 ,,0,I get £0.55 if my partner also chooses Option B. But I will get £0.00 if I choose this option and my partner does not.,,0,0,0,0,0,0,0,1,1,1,1,1,5,7,7,0,2,3,5e50325cae58e40871e64747,20,Male,Yes,Yes
43990.72212,43990.73193,IP Address,100,847,TRUE,43990.73194,R_1OUNh8mIuPr1kHJ,anonymous,EN,Yes,Yes,Yes,Yes,Yes,5e52b6bd96dbff2cb496e081,£0.50 ,,0,I might get £0.55 but I might also get £0.00.,,0,0,0,0,0,0,0,0,0,1,1,1,3,9,9,0,£0.50 ,,0,I get £0.55 if my partner also chooses Option B. But I will get £0.00 if I choose this option and my partner does not.,,0,0,1,1,1,1,1,1,1,1,1,1,10,2,2,0,4,3,5e52b6bd96dbff2cb496e081,29,Female,Yes,Yes
43990.54897,43990.55188,IP Address,100,250,TRUE,43990.55188,R_cwIPvAeRlycJ1iV,anonymous,EN,Yes,Yes,Yes,Yes,Yes,5e53b75561087f000bb92efe,£0.50 ,,0,I might get £0.55 but I might also get £0.00.,,0,0,0,0,0,0,0,1,1,1,1,1,5,7,7,0,£0.50 ,,0,I get £0.55 if my partner also chooses Option B. But I will get £0.00 if I choose this option and my partner does not.,,0,0,0,0,0,1,0,1,1,1,1,1,6,5,6,1,4,1,5e53b75561087f000bb92efe,28,Female,Yes,Yes
43990.67559,43990.67866,IP Address,100,265,TRUE,43990.67867,R_WAuJNKUN77P5Da1,anonymous,EN,Yes,Yes,Yes,Yes,Yes,5e550aed9dab3b4f76d314cd,£0.50 ,,0,I might get £0.55 but I might also get £0.00.,,0,1,1,1,1,1,1,1,1,1,1,1,11,1,1,0,£0.50 ,,0,I get £0.55 if my partner also chooses Option B. But I will get £0.00 if I choose this option and my partner does not.,,0,0,1,1,1,1,1,1,1,1,1,1,10,2,2,0,5,1,5e550aed9dab3b4f76d314cd,48,Female,Yes,Yes
43990.54485,43990.54765,IP Address,100,241,TRUE,43990.54766,R_1pJwelHRgE441Zr,anonymous,EN,Yes,Yes,Yes,Yes,Yes,5e5511800998b2506696123c,£0.50 ,,0,I might get £0.55 but I might also get £0.00.,,0,0,0,0,0,0,0,0,0,0,0,0,0,0,12,0,£0.50 ,,0,I get £0.55 if my partner also chooses Option B. But I will get £0.00 if I choose this option and my partner does not.,,0,0,0,0,0,0,0,0,0,0,0,0,0,0,12,0,4,3,5e5511800998b2506696123c,32,Male,Yes,Yes
43990.57477,43990.57669,IP Address,100,165,TRUE,43990.5767,R_3EasvqVCJ50Htw9,anonymous,EN,Yes,Yes,Yes,Yes,Yes,5e554641ab5163543d2a5e68,£0.50 ,,0,I might get £0.55 but I might also get £0.00.,,0,0,0,0,0,0,0,1,1,1,1,1,5,7,7,0,£0.50 ,,0,I get £0.55 if my partner also chooses Option B. But I will get £0.00 if I choose this option and my partner does not.,,0,0,1,1,1,1,1,1,1,1,1,1,10,2,2,0,2,2,5e554641ab5163543d2a5e68,25,Female,Yes,No
43990.56679,43990.56973,IP Address,100,254,TRUE,43990.56975,R_1jBsXBKYGaCGcVv,anonymous,EN,Yes,Yes,Yes,Yes,Yes,5e565268a6d1d502ab0e3f21,£0.50 ,,0,I might get £0.55 but I might also get £0.00.,,0,0,0,0,0,0,1,1,1,1,1,1,6,6,6,0,£0.50 ,,0,I get £0.55 if my partner also chooses Option B. But I will get £0.00 if I choose this option and my partner does not.,,0,0,1,1,1,1,1,1,1,1,1,1,10,2,2,0,4,3,5e565268a6d1d502ab0e3f21,39,Female,Yes,Yes
43990.59833,43990.60139,IP Address,100,263,TRUE,43990.6014,R_eD14nuJE06tiCyt,anonymous,EN,Yes,Yes,Yes,Yes,Yes,5e5678fb2cf1590238564fbc,£0.50 ,,0,I might get £0.55 but I might also get £0.00.,,0,0,0,0,0,0,0,0,0,1,0,1,2,9,10,1,£0.50 ,,0,I get £0.55 if my partner also chooses Option B. But I will get £0.00 if I choose this option and my partner does not.,,0,0,0,0,0,1,1,1,1,1,1,1,7,5,5,0,2,1,5e5678fb2cf1590238564fbc,25,Male,Yes,Yes
43990.55494,43990.5589,IP Address,100,342,TRUE,43990.55891,R_3dHfoLXJUwiOg64,anonymous,EN,Yes,Yes,Yes,Yes,Yes,5e56dfacef82c60946b0e7c6,£0.50 ,,0,I might get £0.55 but I might also get £0.00.,,0,0,0,0,1,0,0,1,1,1,1,1,6,4,6,1,£0.50 ,,0,I get £0.55 if my partner also chooses Option B. But I will get £0.00 if I choose this option and my partner does not.,,0,0,0,0,0,0,0,1,1,1,1,1,5,7,7,0,5,3,5e56dfacef82c60946b0e7c6,21,Male,Yes,Yes
43990.55235,43990.55559,IP Address,100,280,TRUE,43990.5556,R_3dFBnv4SZ7XAR3N,anonymous,EN,Yes,Yes,Yes,Yes,Yes,5e5701332445b00c809f4f5a,£0.50 ,,0,I might get £0.55 but I might also get £0.00.,,0,0,0,0,0,1,1,1,1,1,1,1,7,5,5,0,£0.50 ,,0,I get £0.55 if my partner also chooses Option B. But I will get £0.00 if I choose this option and my partner does not.,,0,0,0,0,0,0,0,0,0,0,1,1,2,10,10,0,4,4,5e5701332445b00c809f4f5a,22,Female,Yes,No
43990.82329,43990.8256,IP Address,100,199,TRUE,43990.82561,R_R2j5H85kPEmkqzf,anonymous,EN,Yes,Yes,Yes,Yes,Yes,5e57e47f680caf04e31d1043,£0.50 ,,0,I might get £0.55 but I might also get £0.00.,,0,0,0,0,0,0,0,0,0,1,1,1,3,9,9,0,£0.50 ,,0,I get £0.55 if my partner also chooses Option B. But I will get £0.00 if I choose this option and my partner does not.,,0,0,0,0,0,1,1,1,1,1,1,1,7,5,5,0,4,4,5e57e47f680caf04e31d1043,24,Male,Yes,Yes
43990.66506,43990.667,IP Address,100,167,TRUE,43990.66701,R_33f0TEqbzKVXuzG,anonymous,EN,Yes,Yes,Yes,Yes,Yes,5e59170ec33f53122fbd4183,£0.50 ,,0,I might get £0.55 but I might also get £0.00.,,0,0,0,0,0,0,0,0,0,1,1,1,3,9,9,0,£0.50 ,,0,I get £0.55 if my partner also chooses Option B. But I will get £0.00 if I choose this option and my partner does not.,,0,1,1,1,1,1,1,1,1,1,1,1,11,1,1,0,5,4,5e59170ec33f53122fbd4183,24,Female,Yes,Yes
43990.6645,43990.66767,IP Address,100,273,TRUE,43990.66768,R_2wvP03uKZCTrz1f,anonymous,EN,Yes,Yes,Yes,Yes,Yes,5e591de3bbd97e000f7ced14,£0.50 ,,0,I might get £0.55 but I might also get £0.00.,,0,0,0,0,0,0,0,0,0,0,0,0,0,0,12,0,£0.50 ,,0,I get £0.55 if my partner also chooses Option B. But I will get £0.00 if I choose this option and my partner does not.,,0,0,0,0,0,0,0,0,0,0,1,1,2,10,10,0,5,4,5e591de3bbd97e000f7ced14,24,Male,Yes,Yes
43990.54572,43990.54924,IP Address,100,303,TRUE,43990.54925,R_2wB4EYNlhY5EqnP,anonymous,EN,Yes,Yes,Yes,Yes,Yes,5e5952a305122501d7b9d4c9,£0.50 ,,0,I might get £0.55 but I might also get £0.00.,,0,0,0,0,0,1,1,1,1,1,1,1,7,5,5,0,£0.50 ,,0,I get £0.55 if my partner also chooses Option B. But I will get £0.00 if I choose this option and my partner does not.,,0,0,0,0,0,0,0,1,1,1,1,1,5,7,7,0,5,1,5e5952a305122501d7b9d4c9,26,Male,Yes,Yes
43990.55603,43990.55919,IP Address,100,272,TRUE,43990.5592,R_1jAPAg7QOWR2aC4,anonymous,EN,Yes,Yes,Yes,Yes,Yes,5e5acdf86513912c17b5a427,£0.50 ,,0,I might get £0.55 but I might also get £0.00.,,0,0,0,0,0,0,1,0,1,0,1,0,3,6,9,1,£0.50 ,,0,I get £0.55 if my partner also chooses Option B. But I will get £0.00 if I choose this option and my partner does not.,,0,0,1,0,1,1,1,1,0,0,1,1,7,2,5,1,4,4,5e5acdf86513912c17b5a427,21,Male,Yes,Yes
43990.5756,43990.57906,IP Address,100,299,TRUE,43990.57907,R_2UfTVoMmTEhzV3e,anonymous,EN,Yes,Yes,Yes,Yes,Yes,5e5b08677394743009ffcc8b,£0.50 ,,0,I might get £0.55 but I might also get £0.00.,,0,0,0,0,0,1,1,1,1,1,1,1,7,5,5,0,£0.50 ,,0,I get £0.55 if my partner also chooses Option B. But I will get £0.00 if I choose this option and my partner does not.,,0,0,1,1,1,1,1,1,1,1,1,1,10,2,2,0,3,1,5e5b08677394743009ffcc8b,30,Female,Yes,No
43990.54378,43990.55238,IP Address,100,742,TRUE,43990.55239,R_YWvN2mhU8QtI7yF,anonymous,EN,Yes,Yes,Yes,Yes,Yes,5e5bd012663c673b04bcdf42,£0.50 ,,0,I might get £0.55 but I might also get £0.00.,,0,0,1,1,1,1,1,1,1,1,1,1,10,2,2,0,£0.50 ,,0,I get £0.55 if my partner also chooses Option B. But I will get £0.00 if I choose this option and my partner does not.,,0,0,0,0,0,1,1,1,1,1,1,1,7,5,5,0,5,1,5e5bd012663c673b04bcdf42,21,Non-binary,Yes,No
43990.55806,43990.5615,IP Address,100,297,TRUE,43990.56151,R_XYe0AiVdxllp6Qp,anonymous,EN,Yes,Yes,Yes,Yes,Yes,5e5bd83514a6a43bbeac2f3c,£0.50 ,,0,I might get £0.55 but I might also get £0.00.,,0,0,0,0,1,0,1,1,0,1,0,1,5,4,7,1,£0.50 ,,0,£0.75 ,I get £0.55 if my partner also chooses Option B. But I will get £0.20 if I choose this option and my partner does not.,2,0,0,0,0,0,1,1,1,1,1,1,6,6,6,0,5,3,5e5bd83514a6a43bbeac2f3c,47,Female,Yes,Yes
43990.54685,43990.55309,IP Address,100,539,TRUE,43990.5531,R_3FX7f9MXJ8IeDUw,anonymous,EN,Yes,Yes,Yes,Yes,Yes,5e5cdb9f72c34d4b9b0efdc0,£0.50 ,,0,I might get £0.55 but I might also get £0.00.,,0,0,0,0,0,0,0,1,1,1,1,1,5,7,7,0,£0.50 ,,0,I get £0.55 if my partner also chooses Option B. But I will get £0.00 if I choose this option and my partner does not.,,0,0,0,1,1,1,1,1,1,1,1,1,9,3,3,0,5,4,5e5cdb9f72c34d4b9b0efdc0,18,Female,No,No
43990.54473,43990.55403,IP Address,100,802,TRUE,43990.55404,R_3JDxg3mXKUhVy48,anonymous,EN,Yes,Yes,Yes,Yes,Yes,5e5e1eb615152412bb081366,£0.50 ,,0,I might get £0.55 but I might also get £0.00.,,0,0,0,0,0,1,1,1,1,1,1,1,7,5,5,0,£0.50 ,,0,I get £0.55 if my partner also chooses Option B. But I will get £0.00 if I choose this option and my partner does not.,,0,0,0,0,0,0,0,1,1,1,1,1,5,7,7,0,3,1,5e5e1eb615152412bb081366,26,Female,Yes,Yes
43990.54659,43990.54874,IP Address,100,185,TRUE,43990.54874,R_3Ev6lRcIfGL2329,anonymous,EN,Yes,Yes,Yes,Yes,Yes,5e5e27e5c0bc86139fd7f9f3,£0.50 ,,0,I might get £0.55 but I might also get £0.00.,,0,1,1,1,1,1,1,1,1,1,1,1,11,1,1,0,£0.50 ,,0,I get £0.55 if my partner also chooses Option B. But I will get £0.00 if I choose this option and my partner does not.,,0,1,1,1,1,1,1,1,1,1,1,1,11,1,1,0,3,5,5e5e27e5c0bc86139fd7f9f3,26,Female,Yes,Yes
43990.5522,43990.55483,IP Address,100,226,TRUE,43990.55483,R_WCKlFxVxQbpQnJv,anonymous,EN,Yes,Yes,Yes,Yes,Yes,5e5e3f5c9dad80156c98b89c,£0.50 ,,0,I might get £0.55 but I might also get £0.00.,,0,0,0,0,0,0,0,0,0,1,1,1,3,9,9,0,£0.50 ,,0,I get £0.55 if my partner also chooses Option B. But I will get £0.00 if I choose this option and my partner does not.,,0,0,0,0,1,1,1,1,1,1,1,1,8,4,4,0,5,1,5e5e3f5c9dad80156c98b89c,20,Male,Yes,Yes
43990.54834,43990.55096,IP Address,100,225,TRUE,43990.55097,R_x91XD14SI4xTlhD,anonymous,EN,Yes,Yes,Yes,Yes,Yes,5e5e6da4dc5422196cf5e775,£0.50 ,,0,I might get £0.55 but I might also get £0.00.,,0,0,0,0,0,0,0,0,1,1,1,1,4,8,8,0,£0.50 ,,0,I get £0.55 if my partner also chooses Option B. But I will get £0.00 if I choose this option and my partner does not.,,0,0,0,0,0,0,0,0,0,0,0,1,1,11,11,0,4,1,5e5e6da4dc5422196cf5e775,19,Female,Yes,Yes
43990.62309,43990.62777,IP Address,100,404,TRUE,43990.62778,R_3O7zmaErsfcFN4c,anonymous,EN,Yes,Yes,Yes,Yes,Yes,5e5ec882d196fd20057e3b7e,£0.50 ,,0,I might get £0.55 but I might also get £0.00.,,0,0,1,1,1,1,1,1,1,1,1,1,10,2,2,0,£0.50 ,,0,I get £0.55 if my partner also chooses Option B. But I will get £0.00 if I choose this option and my partner does not.,,0,0,0,0,0,0,0,0,0,0,0,0,0,0,12,0,2,1,5e5ec882d196fd20057e3b7e,32,Female,Yes,Yes
43990.54869,43990.55161,IP Address,100,251,TRUE,43990.55161,R_2Yt9hTZ7NGpnEdK,anonymous,EN,Yes,Yes,Yes,Yes,Yes,5e5efa5dec939d23c77a4dbc,£0.50 ,,0,I might get £0.55 but I might also get £0.00.,,0,0,0,0,0,0,0,0,0,0,0,0,0,0,12,0,£0.50 ,,0,I get £0.55 if my partner also chooses Option B. But I will get £0.00 if I choose this option and my partner does not.,,0,0,0,1,1,1,1,1,1,1,1,1,9,3,3,0,4,3,5e5efa5dec939d23c77a4dbc,26,Male,No,No
43990.54718,43990.55008,IP Address,100,250,TRUE,43990.55009,R_2wAbdRnzuPyR66A,anonymous,EN,Yes,Yes,Yes,Yes,Yes,5e5fe4a3752947323179077d,£0.50 ,,0,I might get £0.55 but I might also get £0.00.,,0,1,1,1,1,1,1,1,1,1,1,1,11,1,1,0,£0.50 ,,0,I get £0.55 if my partner also chooses Option B. But I will get £0.00 if I choose this option and my partner does not.,,0,0,0,0,0,0,0,1,1,1,1,1,5,7,7,0,4,2,5e5fe4a3752947323179077d,19,Female,Yes,Yes
43990.54484,43990.54867,IP Address,100,331,TRUE,43990.54868,R_dp6fVqZD0xTz8n7,anonymous,EN,Yes,Yes,Yes,Yes,Yes,5e60f63ee6385a000bcbffc9,£0.50 ,,0,I might get £0.55 but I might also get £0.00.,,0,0,0,0,0,1,1,1,1,1,1,1,7,5,5,0,£0.50 ,,0,I get £0.55 if my partner also chooses Option B. But I will get £0.00 if I choose this option and my partner does not.,,0,0,0,0,0,0,0,1,1,1,1,1,5,7,7,0,4,3,5e60f63ee6385a000bcbffc9,34,Male,Yes,Yes
43990.55275,43990.55501,IP Address,100,194,TRUE,43990.55502,R_3KGZYlkchI0S6DB,anonymous,EN,Yes,Yes,Yes,Yes,Yes,5e610297db0d71000b290e88,£0.50 ,,0,I might get £0.55 but I might also get £0.00.,,0,0,0,0,0,0,0,0,0,0,0,0,0,0,12,0,£0.50 ,,0,I get £0.55 if my partner also chooses Option B. But I will get £0.00 if I choose this option and my partner does not.,,0,0,1,1,1,1,1,1,1,1,1,1,10,2,2,0,5,2,5e610297db0d71000b290e88,29,Male,Yes,No
43990.57264,43990.57889,IP Address,100,539,TRUE,43990.5789,R_30bZ81S3oA6sxFw,anonymous,EN,Yes,Yes,Yes,Yes,Yes,5e611e23e6d609000ae35968,£0.50 ,,0,I might get £0.55 but I might also get £0.00.,,0,0,0,0,0,0,0,0,0,1,0,1,2,9,10,1,£0.50 ,,0,I get £0.55 if my partner also chooses Option B. But I will get £0.00 if I choose this option and my partner does not.,,0,0,0,0,0,0,0,0,0,0,1,1,2,10,10,0,3,4,5e611e23e6d609000ae35968,18,Female,Yes,Yes
43990.55007,43990.55361,IP Address,100,306,TRUE,43990.55362,R_1KjwrZkvomo9hrz,anonymous,EN,Yes,Yes,Yes,Yes,Yes,5e63d41865e2a61530a6f4cc,£0.50 ,,0,I might get £0.55 but I might also get £0.00.,,0,1,1,1,1,1,1,1,1,1,1,1,11,1,1,0,£0.50 ,,0,I get £0.55 if my partner also chooses Option B. But I will get £0.00 if I choose this option and my partner does not.,,0,0,0,0,0,0,0,0,0,1,1,1,3,9,9,0,5,1,5e63d41865e2a61530a6f4cc,20,Male,No,No
43991.29817,43991.30075,IP Address,100,222,TRUE,43991.30076,R_2a9b92Wvsnu5i9r,anonymous,EN,Yes,Yes,Yes,Yes,Yes,5e64f37b765e8a25f310a048,£0.50 ,,0,I might get £0.55 but I might also get £0.00.,,0,1,1,1,1,1,1,1,1,1,1,1,11,1,1,0,£0.50 ,,0,I get £0.55 if my partner also chooses Option B. But I will get £0.00 if I choose this option and my partner does not.,,0,0,0,1,1,1,1,1,1,1,1,1,9,3,3,0,4,3,5e64f37b765e8a25f310a048,36,Female,Yes,Yes
43990.66751,43990.66973,IP Address,100,192,TRUE,43990.66974,R_1OxUAa8IMPE28H4,anonymous,EN,Yes,Yes,Yes,Yes,Yes,5e65068e0ce65927e47a4542,£0.50 ,,0,I might get £0.55 but I might also get £0.00.,,0,0,0,0,0,0,0,0,0,1,1,1,3,9,9,0,£0.50 ,,0,I get £0.55 if my partner also chooses Option B. But I will get £0.00 if I choose this option and my partner does not.,,0,0,0,0,0,0,0,0,0,0,0,0,0,0,12,0,5,1,5e65068e0ce65927e47a4542,27,Female,Yes,Yes
43990.55281,43990.5558,IP Address,100,257,TRUE,43990.5558,R_1jQi9PiewvRyhtu,anonymous,EN,Yes,Yes,Yes,Yes,Yes,5e661efb1b2aa7390f83923f,£0.50 ,,0,I might get £0.55 but I might also get £0.00.,,0,0,1,0,0,0,0,1,1,1,1,1,6,2,6,1,£0.50 ,,0,I get £0.55 if my partner also chooses Option B. But I will get £0.00 if I choose this option and my partner does not.,,0,1,1,1,1,1,1,1,1,1,1,1,11,1,1,0,3,1,5e661efb1b2aa7390f83923f,28,Female,Yes,Yes
43990.94164,43990.94359,IP Address,100,167,TRUE,43990.94359,R_QgfujAiFw9TIzHb,anonymous,EN,Yes,Yes,Yes,Yes,Yes,5e66965e61c439419f6cea9d,£0.50 ,,0,I might get £0.55 but I might also get £0.00.,,0,0,0,0,0,0,0,0,0,0,0,0,0,0,12,0,£0.50 ,,0,I get £0.55 if my partner also chooses Option B. But I will get £0.00 if I choose this option and my partner does not.,,0,0,1,1,1,1,1,1,1,1,1,1,10,2,2,0,5,3,5e66965e61c439419f6cea9d,18,Male,Yes,Yes
43990.54956,43990.55579,IP Address,100,537,TRUE,43990.55579,R_ulvJZMkK2h0GdtD,anonymous,EN,Yes,Yes,Yes,Yes,Yes,5e66a6f3ae413f08251afcb0,£0.50 ,,0,I might get £0.55 but I might also get £0.00.,,0,0,0,0,0,0,0,0,0,1,1,1,3,9,9,0,£0.50 ,,0,I get £0.55 if my partner also chooses Option B. But I will get £0.00 if I choose this option and my partner does not.,,0,0,1,1,1,1,1,1,1,1,1,1,10,2,2,0,5,1,5e66a6f3ae413f08251afcb0,22,Non-binary,Yes,Yes
43990.54561,43990.54865,IP Address,100,261,TRUE,43990.54865,R_2Cvuw5XJD3tCvD7,anonymous,EN,Yes,Yes,Yes,Yes,Yes,5e66c749fd0e5b454700f10f,£0.50 ,,0,I might get £0.55 but I might also get £0.00.,,0,0,0,0,0,0,0,0,0,1,1,1,3,9,9,0,£0.50 ,,0,I get £0.55 if my partner also chooses Option B. But I will get £0.00 if I choose this option and my partner does not.,,0,0,0,0,0,1,1,1,1,1,1,1,7,5,5,0,4,2,5e66c749fd0e5b454700f10f,21,Male,Yes,Yes
43990.54568,43990.54912,IP Address,100,296,TRUE,43990.54913,R_1NfdBl0Ni3HAX7P,anonymous,EN,Yes,Yes,Yes,Yes,Yes,5e677f1ad40a4901785aae24,£0.50 ,,0,I might get £0.55 but I might also get £0.00.,,0,0,0,0,0,1,1,1,1,1,1,1,7,5,5,0,£0.50 ,,0,I get £0.55 if my partner also chooses Option B. But I will get £0.00 if I choose this option and my partner does not.,,0,0,0,1,1,1,1,1,1,1,1,1,9,3,3,0,5,3,5e677f1ad40a4901785aae24,24,Female,Yes,Yes
43990.54459,43990.54781,IP Address,100,277,TRUE,43990.54782,R_r7Sp9CY2QyC4mWd,anonymous,EN,Yes,Yes,Yes,Yes,Yes,5e67be06787413064d677ef9,£0.50 ,,0,I might get £0.55 but I might also get £0.00.,,0,0,0,0,0,1,1,1,1,1,1,1,7,5,5,0,£0.50 ,,0,I get £0.55 if my partner also chooses Option B. But I will get £0.00 if I choose this option and my partner does not.,,0,0,0,0,1,1,1,1,1,1,1,1,8,4,4,0,1,2,5e67be06787413064d677ef9,23,Male,Yes,Yes
43990.55549,43990.55897,IP Address,100,301,TRUE,43990.55898,R_3KvTzLeUZAwsMcu,anonymous,EN,Yes,Yes,Yes,Yes,Yes,5e67d9ed33e6a60542f4dfd7,£0.50 ,,0,I might get £0.55 but I might also get £0.00.,,0,0,0,0,0,1,1,1,1,1,1,1,7,5,5,0,£0.50 ,,0,I get £0.55 if my partner also chooses Option B. But I will get £0.00 if I choose this option and my partner does not.,,0,0,0,0,0,1,1,1,1,1,1,1,7,5,5,0,4,3,5e67d9ed33e6a60542f4dfd7,31,Female,Yes,No
43990.56109,43990.56587,IP Address,100,412,TRUE,43990.56588,R_2lyg8nBazmfonAJ,anonymous,EN,Yes,Yes,Yes,Yes,Yes,5e67de1ed7064f000c519b05,£0.50 ,,0,I might get £0.55 but I might also get £0.00.,,0,0,0,0,0,0,0,0,0,1,0,0,1,9,11,1,£0.50 ,,0,I get £0.55 if my partner also chooses Option B. But I will get £0.00 if I choose this option and my partner does not.,,0,0,0,0,0,0,0,0,0,0,0,1,1,11,11,0,2,4,5e67de1ed7064f000c519b05,23,Male,Yes,Yes
43990.54306,43990.54547,IP Address,100,209,TRUE,43990.54549,R_1mmW3cPW87BPfpG,anonymous,EN,Yes,Yes,Yes,Yes,Yes,5e68d3a85fd87917d9eed494,£0.50 ,,0,I might get £0.55 but I might also get £0.00.,,0,0,0,0,0,0,0,1,1,1,1,1,5,7,7,0,£0.50 ,,0,I get £0.55 if my partner also chooses Option B. But I will get £0.00 if I choose this option and my partner does not.,,0,0,0,1,1,1,1,1,1,1,1,1,9,3,3,0,4,3,5e68d3a85fd87917d9eed494,25,Female,Yes,No
43990.55127,43990.55457,IP Address,100,285,TRUE,43990.55458,R_31LXBndmqv3Aqnd,anonymous,EN,Yes,Yes,Yes,Yes,Yes,5e68d8b2a042a7000d529490,£0.50 ,,0,I might get £0.55 but I might also get £0.00.,,0,0,0,0,0,0,0,0,1,1,1,1,4,8,8,0,£0.50 ,,0,I get £0.55 if my partner also chooses Option B. But I will get £0.00 if I choose this option and my partner does not.,,0,0,0,0,0,0,0,0,0,0,0,0,0,0,12,0,5,2,5e68d8b2a042a7000d529490,23,Female,Yes,Yes
43990.74825,43990.75017,IP Address,100,165,TRUE,43990.75018,R_2UfjAFjotcOVKtY,anonymous,EN,Yes,Yes,Yes,Yes,Yes,5e6a5b908ac5fd0008d5f1eb,£0.50 ,,0,I might get £0.55 but I might also get £0.00.,,0,0,0,0,0,0,0,1,1,1,1,1,5,7,7,0,£0.50 ,,0,I get £0.55 if my partner also chooses Option B. But I will get £0.00 if I choose this option and my partner does not.,,0,0,0,0,0,0,0,0,0,0,0,0,0,0,12,0,4,1,5e6a5b908ac5fd0008d5f1eb,22,Male,Yes,Yes
43990.64987,43990.65297,IP Address,100,268,TRUE,43990.65299,R_268Oc85Pb7GwhkD,anonymous,EN,Yes,Yes,Yes,Yes,Yes,5e6a737fb45b4400080ac9e1,£0.50 ,,0,I might get £0.55 but I might also get £0.00.,,0,0,0,0,0,1,1,1,1,1,1,1,7,5,5,0,£0.50 ,,0,I get £0.55 if my partner also chooses Option B. But I will get £0.00 if I choose this option and my partner does not.,,0,0,0,0,0,0,0,0,0,0,0,0,0,0,12,0,5,1,5e6a737fb45b4400080ac9e1,20,Male,Yes,Yes
43991.83823,43991.84197,IP Address,100,323,TRUE,43991.84198,R_r3yxAdeonjk9a3T,anonymous,EN,Yes,Yes,Yes,Yes,Yes,5e6cbcad47b442264d73decd,£0.50 ,,0,I might get £0.55 but I might also get £0.00.,,0,0,0,0,0,0,0,0,0,1,1,1,3,9,9,0,£0.50 ,,0,I get £0.55 if my partner also chooses Option B. But I will get £0.00 if I choose this option and my partner does not.,,0,0,0,0,0,0,0,0,0,0,0,0,0,0,12,0,4,2,5e6cbcad47b442264d73decd,32,Female,Yes,Yes
43990.54824,43990.55171,IP Address,100,299,TRUE,43990.55172,R_1eXcAJze9xvq4k3,anonymous,EN,Yes,Yes,Yes,Yes,Yes,5e6d07aae016442be51755b8,£0.50 ,,0,I might get £0.55 but I might also get £0.00.,,0,0,0,0,0,0,0,0,0,0,0,0,0,0,12,0,£0.50 ,,0,I get £0.55 if my partner also chooses Option B. But I will get £0.00 if I choose this option and my partner does not.,,0,0,0,0,0,0,0,1,1,1,1,1,5,7,7,0,5,4,5e6d07aae016442be51755b8,19,Male,Yes,Yes
43990.54811,43990.55668,IP Address,100,740,TRUE,43990.55669,R_xf07RUY739qo2e5,anonymous,EN,Yes,Yes,Yes,Yes,Yes,5e6d3324f14d262fced5bbfe,£0.50 ,,0,I might get £0.55 but I might also get £0.00.,,0,0,0,0,0,0,0,1,1,1,1,1,5,7,7,0,£0.50 ,,0,I get £0.55 if my partner also chooses Option B. But I will get £0.00 if I choose this option and my partner does not.,,0,0,0,0,0,0,0,0,0,0,1,1,2,10,10,0,1,5,5e6d3324f14d262fced5bbfe,22,Male,No,Yes
43990.65839,43990.66059,IP Address,100,190,TRUE,43990.6606,R_BAhwc6tfoUolOKJ,anonymous,EN,Yes,Yes,Yes,Yes,Yes,5e6e8144f49fd8000821e72f,£0.50 ,,0,I might get £0.55 but I might also get £0.00.,,0,0,0,0,1,1,1,1,1,1,1,1,8,4,4,0,£0.50 ,,0,I get £0.55 if my partner also chooses Option B. But I will get £0.00 if I choose this option and my partner does not.,,0,0,0,0,0,0,0,0,0,0,0,1,1,11,11,0,4,5,5e6e8144f49fd8000821e72f,20,Male,Yes,Yes
43990.55918,43990.56226,IP Address,100,265,TRUE,43990.56226,R_2P6c2gMtSNKLX5Q,anonymous,EN,Yes,Yes,Yes,Yes,Yes,5e6f867efb136c55068af035,£0.50 ,,0,I might get £0.55 but I might also get £0.00.,,0,0,0,0,0,1,1,1,1,1,1,1,7,5,5,0,£0.50 ,,0,I get £0.55 if my partner also chooses Option B. But I will get £0.00 if I choose this option and my partner does not.,,0,0,0,0,0,0,0,1,1,1,1,1,5,7,7,0,5,1,5e6f867efb136c55068af035,20,Female,Yes,Yes
43990.59833,43990.60728,IP Address,100,772,TRUE,43990.60747,R_3PKKqCX8WUWgYil,anonymous,EN,Yes,Yes,Yes,Yes,Yes,5e6f96d7bb640801202fcce0,£0.50 ,,0,I might get £0.55 but I might also get £0.00.,,0,0,1,1,1,1,1,1,1,1,1,1,10,2,2,0,£0.50 ,,0,I get £0.55 if my partner also chooses Option B. But I will get £0.00 if I choose this option and my partner does not.,,0,0,0,0,0,0,0,0,0,0,0,0,0,0,12,0,5,4,5e6f96d7bb640801202fcce0,31,Male,Yes,Yes
43990.67943,43990.68162,IP Address,100,188,TRUE,43990.68163,R_1GuY2gMAcRHOMwX,anonymous,EN,Yes,Yes,Yes,Yes,Yes,5e6fa17a6319c1563936bafc,£0.50 ,,0,I might get £0.55 but I might also get £0.00.,,0,0,1,0,1,1,0,1,1,1,1,1,8,2,4,1,£0.50 ,,0,I get £0.55 if my partner also chooses Option B. But I will get £0.00 if I choose this option and my partner does not.,,0,0,0,0,0,1,1,1,1,1,1,1,7,5,5,0,3,4,5e6fa17a6319c1563936bafc,31,Male,Yes,Yes
43990.55752,43990.56238,IP Address,100,419,TRUE,43990.56239,R_230dTxH4zRT8ICZ,anonymous,EN,Yes,Yes,Yes,Yes,Yes,5e6ff43e18d1a809cd0b836a,£0.50 ,,0,I might get £0.55 but I might also get £0.00.,,0,0,0,0,0,0,1,1,1,1,0,1,5,6,7,1,£0.50 ,,0,I get £0.55 if my partner also chooses Option B. But I will get £0.00 if I choose this option and my partner does not.,,0,1,1,1,1,1,1,1,1,1,1,1,11,1,1,0,5,4,5e6ff43e18d1a809cd0b836a,22,Male,Yes,Yes
43990.57497,43990.57769,IP Address,100,234,TRUE,43990.57769,R_1o6elNAuUdmJid2,anonymous,EN,Yes,Yes,Yes,Yes,Yes,5e710c29716fb001dad3f332,£0.50 ,,0,I might get £0.55 but I might also get £0.00.,,0,0,0,0,0,0,1,0,1,0,1,0,3,6,9,1,£0.50 ,,0,I get £0.55 if my partner also chooses Option B. But I will get £0.00 if I choose this option and my partner does not.,,0,0,0,0,0,0,0,0,0,0,0,0,0,0,12,0,5,5,5e710c29716fb001dad3f332,22,Male,Yes,Yes
43992.45068,43992.4541,IP Address,100,295,TRUE,43992.45411,R_1QmzJj4Bow72GfO,anonymous,EN,Yes,Yes,Yes,Yes,Yes,5e7141caf3c2460575bd0e02,£0.50 ,,0,I might get £0.55 but I might also get £0.00.,,0,0,0,0,0,0,1,1,1,1,1,1,6,6,6,0,£0.50 ,,0,I get £0.55 if my partner also chooses Option B. But I will get £0.00 if I choose this option and my partner does not.,,0,0,0,0,0,1,1,1,1,1,1,1,7,5,5,0,4,3,5e7141caf3c2460575bd0e02,30,Female,Yes,No
43990.58758,43990.59082,IP Address,100,279,TRUE,43990.59083,R_r83vavbIzNHPe25,anonymous,EN,Yes,Yes,Yes,Yes,Yes,5e71f846e44b9211be57f684,£0.50 ,,0,I might get £0.55 but I might also get £0.00.,,0,1,1,1,1,1,1,1,1,1,1,1,11,1,1,0,£0.50 ,,0,I get £0.55 if my partner also chooses Option B. But I will get £0.00 if I choose this option and my partner does not.,,0,0,0,0,1,1,1,1,1,1,1,1,8,4,4,0,1,1,5e71f846e44b9211be57f684,34,Female,Yes,Yes
43990.74588,43990.74979,IP Address,100,337,TRUE,43990.7498,R_24BmTsfGKCMbpHC,anonymous,EN,Yes,Yes,Yes,Yes,Yes,5e722b8cffc65d01103bbc8a,£0.50 ,,0,I might get £0.55 but I might also get £0.00.,,0,0,0,0,0,0,1,1,1,1,1,1,6,6,6,0,£0.50 ,,0,I get £0.55 if my partner also chooses Option B. But I will get £0.00 if I choose this option and my partner does not.,,0,0,0,0,0,0,0,0,1,1,1,1,4,8,8,0,4,1,5e722b8cffc65d01103bbc8a,33,Female,Yes,Yes
43990.60887,43990.61263,IP Address,100,324,TRUE,43990.61263,R_tEDCwdyC6OReSHf,anonymous,EN,Yes,Yes,Yes,Yes,Yes,5e728edbc33987088002eed4,£0.50 ,,0,I might get £0.55 but I might also get £0.00.,,0,0,0,0,0,0,0,0,1,0,1,0,2,8,10,1,£0.50 ,,0,I get £0.55 if my partner also chooses Option B. But I will get £0.00 if I choose this option and my partner does not.,,0,0,0,0,1,1,1,1,1,1,1,1,8,4,4,0,3,4,5e728edbc33987088002eed4,42,Female,Yes,Yes
43990.54368,43990.54833,IP Address,100,401,TRUE,43990.54834,R_3m2Ddn8VzMSG3k7,anonymous,EN,Yes,Yes,Yes,Yes,Yes,5e735fe7adc9032b066de68f,£0.50 ,,0,I might get £0.55 but I might also get £0.00.,,0,0,0,0,0,0,0,0,1,1,1,1,4,8,8,0,£0.50 ,,0,I get £0.55 if my partner also chooses Option B. But I will get £0.00 if I choose this option and my partner does not.,,0,0,0,0,0,0,0,1,1,1,1,1,5,7,7,0,5,4,5e735fe7adc9032b066de68f,25,Male,Yes,Yes
43990.54671,43990.55207,IP Address,100,463,TRUE,43990.55208,R_23L4zXkmykj00hz,anonymous,EN,Yes,Yes,Yes,Yes,Yes,5e74b3a12dc53b000a19f8db,£0.50 ,,0,I might get £0.55 but I might also get £0.00.,,0,0,0,0,0,0,0,0,1,1,1,1,4,8,8,0,£0.50 ,,0,I get £0.55 if my partner also chooses Option B. But I will get £0.00 if I choose this option and my partner does not.,,0,1,1,1,1,1,1,1,1,1,1,1,11,1,1,0,5,1,5e74b3a12dc53b000a19f8db,32,Male,No,No
43990.55255,43990.55396,IP Address,100,122,TRUE,43990.55397,R_32KoGSOoQPhripK,anonymous,EN,Yes,Yes,Yes,Yes,Yes,5e74c89f624838000a2d19a7,£0.50 ,,0,I might get £0.55 but I might also get £0.00.,,0,0,1,1,1,1,1,1,1,1,1,1,10,2,2,0,£0.50 ,,0,I get £0.55 if my partner also chooses Option B. But I will get £0.00 if I choose this option and my partner does not.,,0,0,0,0,0,1,1,1,1,1,1,1,7,5,5,0,3,3,5e74c89f624838000a2d19a7,20,Male,Yes,Yes
43990.54406,43990.54756,IP Address,100,301,TRUE,43990.54756,R_1Eh4ByZnn7iLzCN,anonymous,EN,Yes,Yes,Yes,Yes,Yes,5e74d65fb5ca25024eb92837,£0.50 ,,0,I might get £0.55 but I might also get £0.00.,,0,0,0,0,0,0,0,0,0,0,0,0,0,0,12,0,£0.50 ,,0,I get £0.55 if my partner also chooses Option B. But I will get £0.00 if I choose this option and my partner does not.,,0,0,0,0,0,0,0,0,0,0,0,0,0,0,12,0,3,5,5e74d65fb5ca25024eb92837,20,Male,Yes,Yes
43990.57197,43990.57627,IP Address,100,371,TRUE,43990.57628,R_1XKD2VDOm5TdwJz,anonymous,EN,Yes,Yes,Yes,Yes,Yes,5e75329210ac300a26c58065,£0.50 ,,0,I might get £0.55 but I might also get £0.00.,,0,0,1,0,1,1,0,1,1,1,1,1,8,2,4,1,£0.50 ,,0,I get £0.55 if my partner also chooses Option B. But I will get £0.00 if I choose this option and my partner does not.,,0,0,0,0,0,0,0,0,0,0,0,0,0,0,12,0,5,3,5e75329210ac300a26c58065,20,Female,Yes,Yes
43990.5487,43990.55686,IP Address,100,705,TRUE,43990.55687,R_0SAToV5XKqRM0IV,anonymous,EN,Yes,Yes,Yes,Yes,Yes,5e75433cd1aba50b2cb05bc4,£0.50 ,,0,I might get £0.55 but I might also get £0.00.,,0,0,0,0,0,0,0,0,0,1,1,1,3,9,9,0,£0.50 ,,0,I get £0.55 if my partner also chooses Option B. But I will get £0.00 if I choose this option and my partner does not.,,0,1,1,1,1,1,1,1,1,1,1,1,11,1,1,0,4,2,5e75433cd1aba50b2cb05bc4,26,Male,Yes,Yes
43990.75753,43990.76166,IP Address,100,355,TRUE,43990.76166,R_2WCPBjFroLoez13,anonymous,EN,Yes,Yes,Yes,Yes,Yes,5e759f677c77c810ce72cd6a,£0.50 ,,0,I might get £0.55 but I might also get £0.00.,,0,0,0,0,0,1,1,1,1,1,1,1,7,5,5,0,£0.50 ,,0,I get £0.55 if my partner also chooses Option B. But I will get £0.00 if I choose this option and my partner does not.,,0,0,0,0,0,1,1,1,1,1,1,1,7,5,5,0,5,1,5e759f677c77c810ce72cd6a,21,Female,Yes,Yes
43990.66301,43990.66716,IP Address,100,359,TRUE,43990.66718,R_6FiqpVkHhszH1yp,anonymous,EN,Yes,Yes,Yes,Yes,Yes,5e76a89337b0d4220c97ddc5,£0.50 ,,0,I might get £0.55 but I might also get £0.00.,,0,0,0,0,0,0,0,0,0,1,1,1,3,9,9,0,£0.50 ,,0,I get £0.55 if my partner also chooses Option B. But I will get £0.00 if I choose this option and my partner does not.,,0,0,0,0,0,0,0,0,0,0,1,1,2,10,10,0,1,1,5e76a89337b0d4220c97ddc5,22,Female,Yes,Yes
43990.54822,43990.55233,IP Address,100,355,TRUE,43990.55234,R_22sJkVGkul2gYTe,anonymous,EN,Yes,Yes,Yes,Yes,Yes,5e7739b020ab3529cf8879eb,£0.50 ,,0,I might get £0.55 but I might also get £0.00.,,0,0,0,0,0,0,1,0,1,0,1,0,3,6,9,1,£0.50 ,,0,I get £0.55 if my partner also chooses Option B. But I will get £0.00 if I choose this option and my partner does not.,,0,0,0,0,0,0,0,0,0,0,0,1,1,11,11,0,4,1,5e7739b020ab3529cf8879eb,19,Female,No,No
43990.55406,43990.55763,IP Address,100,308,TRUE,43990.55764,R_1QacuVPFCPjtRTt,anonymous,EN,Yes,Yes,Yes,Yes,Yes,5e78c6d694cff2443e8bd9fd,£0.50 ,,0,I might get £0.55 but I might also get £0.00.,,0,1,1,1,1,1,1,1,1,1,1,1,11,1,1,0,£0.50 ,,0,I get £0.55 if my partner also chooses Option B. But I will get £0.00 if I choose this option and my partner does not.,,0,0,0,0,1,1,1,1,1,1,1,1,8,4,4,0,3,5,5e78c6d694cff2443e8bd9fd,23,Male,Yes,Yes
43990.56067,43990.56444,IP Address,100,325,TRUE,43990.56445,R_10YPmm6pkqhIxn4,anonymous,EN,Yes,Yes,Yes,Yes,Yes,5e78d020794357463b7166d1,£0.50 ,,0,I might get £0.55 but I might also get £0.00.,,0,0,0,0,0,0,1,1,1,1,1,1,6,6,6,0,£0.50 ,,0,I get £0.55 if my partner also chooses Option B. But I will get £0.00 if I choose this option and my partner does not.,,0,0,1,1,1,1,1,1,1,1,1,1,10,2,2,0,5,3,5e78d020794357463b7166d1,30,Female,No,Yes
43990.58089,43990.58461,IP Address,100,320,TRUE,43990.58461,R_1hGtXxvSfjNzrXc,anonymous,EN,Yes,Yes,Yes,Yes,Yes,5e78ee8ae135bf492b138279,£0.50 ,,0,I might get £0.55 but I might also get £0.00.,,0,0,0,0,0,0,0,1,0,1,1,1,4,7,8,1,£0.50 ,,0,I get £0.55 if my partner also chooses Option B. But I will get £0.00 if I choose this option and my partner does not.,,0,0,0,0,0,0,1,1,1,1,1,1,6,6,6,0,3,2,5e78ee8ae135bf492b138279,21,Female,Yes,Yes
43990.54556,43990.54791,IP Address,100,203,TRUE,43990.54792,R_10Ox69FrAYREkS9,anonymous,EN,Yes,Yes,Yes,Yes,Yes,5e7a5584718c83035a42519c,£0.50 ,,0,I might get £0.55 but I might also get £0.00.,,0,0,0,0,0,0,0,0,0,0,0,0,0,0,12,0,£0.50 ,,0,I get £0.55 if my partner also chooses Option B. But I will get £0.00 if I choose this option and my partner does not.,,0,0,0,0,0,0,0,0,0,0,0,0,0,0,12,0,5,2,5e7a5584718c83035a42519c,25,Female,Yes,Yes
43990.592,43990.59519,IP Address,100,275,TRUE,43990.59519,R_1QJZWXb50S2O5Ev,anonymous,EN,Yes,Yes,Yes,Yes,Yes,5e7b1409f898741063f7a2f1,£0.50 ,,0,I might get £0.55 but I might also get £0.00.,,0,1,1,1,1,1,1,1,1,1,1,1,11,1,1,0,£0.50 ,,0,I get £0.55 if my partner also chooses Option B. But I will get £0.00 if I choose this option and my partner does not.,,0,1,1,1,1,1,1,1,1,1,1,1,11,1,1,0,4,2,5e7b1409f898741063f7a2f1,18,Female,Yes,Yes
43990.54358,43990.54606,IP Address,100,215,TRUE,43990.54607,R_2qjuX0Zmfcx4VYj,anonymous,EN,Yes,Yes,Yes,Yes,Yes,5e7b358213539600083c0607,£0.50 ,,0,I might get £0.55 but I might also get £0.00.,,0,0,0,0,0,1,1,1,1,1,1,1,7,5,5,0,£0.50 ,,0,I get £0.55 if my partner also chooses Option B. But I will get £0.00 if I choose this option and my partner does not.,,0,0,0,0,0,1,1,1,1,1,1,1,7,5,5,0,4,5,5e7b358213539600083c0607,18,Male,Yes,Yes
43991.80598,43991.81513,IP Address,100,789,TRUE,43991.81514,R_2R1tPzTZGt7DUKY,anonymous,EN,Yes,Yes,Yes,Yes,Yes,5e7b43832de11c000cd78afc,£0.50 ,,0,I might get £0.55 but I might also get £0.00.,,0,0,0,0,0,0,1,1,1,1,0,1,5,6,7,1,£0.50 ,,0,I get £0.55 if my partner also chooses Option B. But I will get £0.00 if I choose this option and my partner does not.,,0,0,0,0,1,1,1,1,1,1,1,1,8,4,4,0,4,4,5e7b43832de11c000cd78afc,19,Male,Yes,No
43990.5499,43990.55262,IP Address,100,234,TRUE,43990.55262,R_115vpmjUN9l1ENr,anonymous,EN,Yes,Yes,Yes,Yes,Yes,5e7b4abc61d3e414753aae92,£0.50 ,,0,I might get £0.55 but I might also get £0.00.,,0,0,0,0,0,1,0,1,1,1,1,1,6,5,6,1,£0.50 ,,0,I get £0.55 if my partner also chooses Option B. But I will get £0.00 if I choose this option and my partner does not.,,0,0,0,0,0,0,0,1,1,1,1,1,5,7,7,0,5,5,5e7b4abc61d3e414753aae92,21,Male,Yes,Yes
43991.70551,43991.70809,IP Address,100,222,TRUE,43991.7081,R_s5LqpWxUk66aBvb,anonymous,EN,Yes,Yes,Yes,Yes,Yes,5e7b79f101838605386ceb2a,£0.50 ,,0,I might get £0.55 but I might also get £0.00.,,0,0,0,0,0,1,1,1,1,1,1,1,7,5,5,0,£0.50 ,,0,I get £0.55 if my partner also chooses Option B. But I will get £0.00 if I choose this option and my partner does not.,,0,1,1,1,1,1,1,1,1,1,1,1,11,1,1,0,4,2,5e7b79f101838605386ceb2a,18,Male,Yes,Yes
43990.57552,43990.57821,IP Address,100,232,TRUE,43990.57822,R_30ieJQMBGR4mzxk,anonymous,EN,Yes,Yes,Yes,Yes,Yes,5e7c6f10e3941d2bb72a0233,£0.50 ,,0,I might get £0.55 but I might also get £0.00.,,0,0,0,0,0,0,0,0,0,0,1,1,2,10,10,0,£0.50 ,,0,I get £0.55 if my partner also chooses Option B. But I will get £0.00 if I choose this option and my partner does not.,,0,0,1,1,1,1,1,1,1,1,1,1,10,2,2,0,3,3,5e7c6f10e3941d2bb72a0233,33,Female,No,No
43990.55157,43990.55426,IP Address,100,232,TRUE,43990.55427,R_2sXybyKEolN9bLi,anonymous,EN,Yes,Yes,Yes,Yes,Yes,5e7cd734ad0fd608706cf9da,£0.50 ,,0,I might get £0.55 but I might also get £0.00.,,0,0,0,0,0,0,0,1,1,1,1,1,5,7,7,0,£0.50 ,,0,I get £0.55 if my partner also chooses Option B. But I will get £0.00 if I choose this option and my partner does not.,,0,0,0,0,1,1,1,1,1,1,1,1,8,4,4,0,2,2,5e7cd734ad0fd608706cf9da,22,Male,Yes,Yes
43990.55396,43990.56072,IP Address,100,583,TRUE,43990.56073,R_2rVO7J85DkeJEG6,anonymous,EN,Yes,Yes,Yes,Yes,Yes,5e7ce0b8cbf37633fbbee7d9,£0.50 ,,0,I might get £0.55 but I might also get £0.00.,,0,0,0,0,0,1,0,1,1,1,1,1,6,5,6,1,£0.50 ,,0,I get £0.55 if my partner also chooses Option B. But I will get £0.00 if I choose this option and my partner does not.,,0,0,1,1,1,1,1,1,1,1,1,1,10,2,2,0,1,3,5e7ce0b8cbf37633fbbee7d9,23,Male,No,Yes
43990.5836,43990.58709,IP Address,100,302,TRUE,43990.58711,R_2OGYDpNeb2One8a,anonymous,EN,Yes,Yes,Yes,Yes,Yes,5e7d27dea27f253acfe81b71,£0.50 ,,0,I might get £0.55 but I might also get £0.00.,,0,0,0,0,0,0,0,1,1,1,1,1,5,7,7,0,£0.50 ,,0,I get £0.55 if my partner also chooses Option B. But I will get £0.00 if I choose this option and my partner does not.,,0,0,0,0,0,0,0,0,0,0,0,1,1,11,11,0,5,4,5e7d27dea27f253acfe81b71,24,Female,Yes,Yes
43990.68903,43990.69201,IP Address,100,257,TRUE,43990.69202,R_25z2K1T3As65Mvk,anonymous,EN,Yes,Yes,Yes,Yes,Yes,5e7d49357412d43d69b4e9b1,£0.50 ,,0,I might get £0.55 but I might also get £0.00.,,0,0,0,0,0,1,1,1,1,1,1,1,7,5,5,0,£0.50 ,,0,I get £0.55 if my partner also chooses Option B. But I will get £0.00 if I choose this option and my partner does not.,,0,0,0,0,0,0,0,0,0,0,0,0,0,0,12,0,3,2,5e7d49357412d43d69b4e9b1,33,Female,No,No
43990.54661,43990.54884,IP Address,100,192,TRUE,43990.54893,R_1BVEyanmgTWveyE,anonymous,EN,Yes,Yes,Yes,Yes,Yes,5e7f7bbf0e60756485a48375,£0.50 ,,0,I might get £0.55 but I might also get £0.00.,,0,0,0,0,0,0,1,1,1,1,1,1,6,6,6,0,£0.50 ,,0,I get £0.55 if my partner also chooses Option B. But I will get £0.00 if I choose this option and my partner does not.,,0,0,0,1,1,1,1,1,1,1,1,1,9,3,3,0,4,1,5e7f7bbf0e60756485a48375,18,Male,Yes,Yes
43990.66188,43990.66428,IP Address,100,207,TRUE,43990.6643,R_VKj5yBkcAnq6jLP,anonymous,EN,Yes,Yes,Yes,Yes,Yes,5e8126a0d32cbc817a4df7b6,£0.50 ,,0,I might get £0.55 but I might also get £0.00.,,0,0,0,0,1,1,1,1,1,1,1,1,8,4,4,0,£0.50 ,,0,I get £0.55 if my partner also chooses Option B. But I will get £0.00 if I choose this option and my partner does not.,,0,0,1,1,1,1,1,1,1,1,1,1,10,2,2,0,5,1,5e8126a0d32cbc817a4df7b6,21,Male,Yes,Yes
43990.67337,43990.67634,IP Address,100,256,TRUE,43990.67635,R_1oipvuivKB11M9e,anonymous,EN,Yes,Yes,Yes,Yes,Yes,5e81c9e74fa0db017781a051,£0.50 ,,0,I might get £0.55 but I might also get £0.00.,,0,0,0,0,0,0,0,0,0,1,1,1,3,9,9,0,£0.50 ,,0,I get £0.55 if my partner also chooses Option B. But I will get £0.00 if I choose this option and my partner does not.,,0,0,0,0,0,0,0,0,0,1,1,1,3,9,9,0,4,3,5e81c9e74fa0db017781a051,25,Male,No,No
43990.54319,43990.54742,IP Address,100,365,TRUE,43990.54743,R_2qdQTXs8WJFZyjd,anonymous,EN,Yes,Yes,Yes,Yes,Yes,5e81cd3de28dab8c8a5e3dda,£0.50 ,,0,I might get £0.55 but I might also get £0.00.,,0,0,0,0,0,1,1,1,1,1,1,1,7,5,5,0,£0.50 ,,0,I get £0.55 if my partner also chooses Option B. But I will get £0.00 if I choose this option and my partner does not.,,0,0,0,0,0,1,1,1,1,1,1,1,7,5,5,0,4,2,5e81cd3de28dab8c8a5e3dda,21,Female,Yes,Yes
43990.66388,43990.66662,IP Address,100,236,TRUE,43990.66663,R_2f88wjm5GbKEgwJ,anonymous,EN,Yes,Yes,Yes,Yes,Yes,5e8211536c6858912f039f3a,£0.50 ,,0,I might get £0.55 but I might also get £0.00.,,0,1,1,1,1,1,1,1,1,1,1,1,11,1,1,0,£0.50 ,,0,I get £0.55 if my partner also chooses Option B. But I will get £0.00 if I choose this option and my partner does not.,,0,0,1,1,1,1,1,1,1,1,1,1,10,2,2,0,5,2,5e8211536c6858912f039f3a,22,Male,Yes,Yes
43990.5516,43990.55602,IP Address,100,382,TRUE,43990.55603,R_3fJmGtizGOAMOve,anonymous,EN,Yes,Yes,Yes,Yes,Yes,5e821bc0c17bb792f3e47326,£0.50 ,,0,I might get £0.55 but I might also get £0.00.,,0,0,0,0,0,0,0,0,0,1,1,1,3,9,9,0,£0.50 ,,0,I get £0.55 if my partner also chooses Option B. But I will get £0.00 if I choose this option and my partner does not.,,0,0,0,0,0,0,0,0,1,1,1,1,4,8,8,0,4,3,5e821bc0c17bb792f3e47326,25,Non-binary,No,Yes
43990.55567,43990.55833,IP Address,100,229,TRUE,43990.55835,R_DbFwSdC7jNZLseB,anonymous,EN,Yes,Yes,Yes,Yes,Yes,5e823e98787e610c268f289a,£0.50 ,,0,I might get £0.55 but I might also get £0.00.,,0,0,0,0,0,0,0,0,1,1,1,1,4,8,8,0,£0.50 ,,0,I get £0.55 if my partner also chooses Option B. But I will get £0.00 if I choose this option and my partner does not.,,0,0,0,1,1,1,1,1,1,1,1,1,9,3,3,0,5,2,5e823e98787e610c268f289a,24,Male,Yes,Yes
43990.57141,43990.57451,IP Address,100,267,TRUE,43990.57452,R_1nOrdsfULa6w0wM,anonymous,EN,Yes,Yes,Yes,Yes,Yes,5e824b0b36565708897e384c,£0.50 ,,0,I might get £0.55 but I might also get £0.00.,,0,1,1,1,1,1,1,1,1,1,1,1,11,1,1,0,£0.50 ,,0,I get £0.55 if my partner also chooses Option B. But I will get £0.00 if I choose this option and my partner does not.,,0,0,0,0,0,1,1,1,1,1,1,1,7,5,5,0,5,1,5e824b0b36565708897e384c,26,Female,Yes,Yes
43990.64826,43990.65184,IP Address,100,308,TRUE,43990.65185,R_1dm2VLMENyeLDcS,anonymous,EN,Yes,Yes,Yes,Yes,Yes,5e8250404ba18a9794746a0f,£0.50 ,,0,I might get £0.55 but I might also get £0.00.,,0,0,0,1,1,1,1,1,1,1,1,1,9,3,3,0,£0.50 ,,0,I get £0.55 if my partner also chooses Option B. But I will get £0.00 if I choose this option and my partner does not.,,0,0,0,0,0,1,1,1,1,1,1,1,7,5,5,0,4,4,5e8250404ba18a9794746a0f,24,Female,Yes,Yes
43990.59113,43990.59436,IP Address,100,279,TRUE,43990.59438,R_3NO0cp437Km6sCx,anonymous,EN,Yes,Yes,Yes,Yes,Yes,5e82574c92f2f398c4d3fce0,£0.50 ,,0,I might get £0.55 but I might also get £0.00.,,0,0,0,0,0,0,0,1,1,1,1,1,5,7,7,0,£0.50 ,,0,I get £0.55 if my partner also chooses Option B. But I will get £0.00 if I choose this option and my partner does not.,,0,0,0,0,0,0,0,0,0,0,0,0,0,0,12,0,2,4,5e82574c92f2f398c4d3fce0,22,Male,Yes,Yes
43990.5617,43990.56391,IP Address,100,191,TRUE,43990.56393,R_3r0bpFrBkpv4SVH,anonymous,EN,Yes,Yes,Yes,Yes,Yes,5e82ffc6e3b23d0114bda7f8,£0.50 ,,0,I might get £0.55 but I might also get £0.00.,,0,1,1,1,1,1,1,1,1,1,1,1,11,1,1,0,£0.50 ,,0,I get £0.55 if my partner also chooses Option B. But I will get £0.00 if I choose this option and my partner does not.,,0,0,0,0,0,0,0,0,0,1,2,1,4,9,9,0,3,4,5e82ffc6e3b23d0114bda7f8,24,Male,Yes,Yes
43990.5489,43990.55285,IP Address,100,341,TRUE,43990.55286,R_p5vUjMS58m3vQI1,anonymous,EN,Yes,Yes,Yes,Yes,Yes,5e830570cb2a14016d211daf,£0.50 ,,0,I might get £0.55 but I might also get £0.00.,,0,0,0,0,0,1,1,1,1,1,1,1,7,5,5,0,£0.50 ,,0,I get £0.55 if my partner also chooses Option B. But I will get £0.00 if I choose this option and my partner does not.,,0,0,0,0,0,0,0,0,1,0,1,1,3,8,9,1,5,1,5e830570cb2a14016d211daf,39,Female,Yes,Yes
43990.54487,43990.54965,IP Address,100,413,TRUE,43990.54967,R_2qxDxHD8oRfqBAR,anonymous,EN,Yes,Yes,Yes,Yes,Yes,5e830913ff38e3016d1a69f2,£0.50 ,,0,I might get £0.55 but I might also get £0.00.,,0,0,0,0,0,0,0,0,0,0,1,1,2,10,10,0,£0.50 ,,0,I get £0.55 if my partner also chooses Option B. But I will get £0.00 if I choose this option and my partner does not.,,0,0,1,1,1,1,1,1,1,1,1,1,10,2,2,0,1,1,5e830913ff38e3016d1a69f2,46,Female,Yes,Yes
43990.55337,43990.56593,IP Address,100,1084,TRUE,43990.56593,R_2V2b7HTtKsy3Hd2,anonymous,EN,Yes,Yes,Yes,Yes,Yes,5e8346cef38186069077abef,£0.50 ,,0,I might get £0.55 but I might also get £0.00.,,0,0,0,0,0,0,0,0,0,0,0,1,1,11,11,0,£0.50 ,,0,I get £0.55 if my partner also chooses Option B. But I will get £0.00 if I choose this option and my partner does not.,,0,0,0,0,1,1,1,1,1,1,1,1,8,4,4,0,5,3,5e8346cef38186069077abef,29,Male,Yes,No
43990.6734,43990.67561,IP Address,100,190,TRUE,43990.67562,R_3NybvuFz9P2lW8f,anonymous,EN,Yes,Yes,Yes,Yes,Yes,5e83553ef35f6f0319bda9ea,£0.50 ,,0,I might get £0.55 but I might also get £0.00.,,0,0,0,0,0,0,0,0,0,0,0,0,0,0,12,0,£0.50 ,,0,I get £0.55 if my partner also chooses Option B. But I will get £0.00 if I choose this option and my partner does not.,,0,0,1,0,1,1,1,1,0,0,1,1,7,2,5,1,3,2,5e83553ef35f6f0319bda9ea,25,Female,Yes,Yes
43990.56398,43990.56736,IP Address,100,291,TRUE,43990.56737,R_2zMwhlLaeCW46VS,anonymous,EN,Yes,Yes,Yes,Yes,Yes,5e83569864bf8a07d86111f6,£0.50 ,,0,I might get £0.55 but I might also get £0.00.,,0,0,0,0,0,0,0,0,0,0,0,0,0,0,12,0,£0.50 ,,0,I get £0.55 if my partner also chooses Option B. But I will get £0.00 if I choose this option and my partner does not.,,0,0,0,0,0,0,0,0,1,0,1,1,3,8,9,1,4,2,5e83569864bf8a07d86111f6,21,Female,Yes,Yes
43990.59566,43990.59891,IP Address,100,280,TRUE,43990.59893,R_3fCqTLyMBhCgXQ1,anonymous,EN,Yes,Yes,Yes,Yes,Yes,5e83b9e3e3a9da1163fdd0dc,£0.50 ,,0,I might get £0.55 but I might also get £0.00.,,0,0,0,0,0,0,0,0,0,0,0,0,0,0,12,0,£0.50 ,,0,I get £0.55 if my partner also chooses Option B. But I will get £0.00 if I choose this option and my partner does not.,,0,0,0,0,0,0,0,1,1,1,1,1,5,7,7,0,1,2,5e83b9e3e3a9da1163fdd0dc,41,Male,Yes,No
43990.54333,43990.54653,IP Address,100,275,TRUE,43990.54653,R_2ValehwyfO252qJ,anonymous,EN,Yes,Yes,Yes,Yes,Yes,5e83c34c4a17000f09e83308,£0.50 ,,0,I might get £0.55 but I might also get £0.00.,,0,1,1,1,1,1,1,1,1,1,1,1,11,1,1,0,£0.50 ,,0,I get £0.55 if my partner also chooses Option B. But I will get £0.00 if I choose this option and my partner does not.,,0,1,1,1,1,1,1,1,1,1,1,1,11,1,1,0,4,1,5e83c34c4a17000f09e83308,22,Female,No,Yes
43990.58373,43990.58652,IP Address,100,241,TRUE,43990.58653,R_An5hO6y4cHxnmO5,anonymous,EN,Yes,Yes,Yes,Yes,Yes,5e83edafe3b23d145be8427c,£0.50 ,,0,I might get £0.55 but I might also get £0.00.,,0,0,0,0,0,0,0,1,1,1,1,1,5,7,7,0,£0.50 ,,0,I get £0.55 if my partner also chooses Option B. But I will get £0.00 if I choose this option and my partner does not.,,0,1,1,1,1,1,1,1,1,1,1,1,11,1,1,0,2,1,5e83edafe3b23d145be8427c,32,Male,No,No
43990.61502,43990.61763,IP Address,100,224,TRUE,43990.61763,R_3G0ThE92Mq9dlrP,anonymous,EN,Yes,Yes,Yes,Yes,Yes,5e8456eeb96c87011bcf35b0,£0.50 ,,0,I might get £0.55 but I might also get £0.00.,,0,0,0,0,0,0,0,0,0,1,1,1,3,9,9,0,£0.50 ,,0,I get £0.55 if my partner also chooses Option B. But I will get £0.00 if I choose this option and my partner does not.,,0,0,0,0,0,0,0,1,1,1,1,1,5,7,7,0,4,4,5e8456eeb96c87011bcf35b0,23,Female,Yes,Yes
43990.54576,43990.54742,IP Address,100,142,TRUE,43990.54742,R_2QsuQQA7okb7ZYT,anonymous,EN,Yes,Yes,Yes,Yes,Yes,5e84c1d2c880ee06d381feb7,£0.50 ,,0,I might get £0.55 but I might also get £0.00.,,0,0,0,0,0,0,0,0,0,0,0,1,1,11,11,0,£0.50 ,,0,I get £0.55 if my partner also chooses Option B. But I will get £0.00 if I choose this option and my partner does not.,,0,0,0,0,0,0,0,0,0,0,0,0,0,0,12,0,4,3,5e84c1d2c880ee06d381feb7,20,Male,Yes,Yes
43990.66595,43990.66988,IP Address,100,340,TRUE,43990.6699,R_2xKIs7hnF0WNaB3,anonymous,EN,Yes,Yes,Yes,Yes,Yes,5e84f2663a34f20c3907e237,£0.50 ,,0,I might get £0.55 but I might also get £0.00.,,0,1,1,1,1,1,1,1,1,1,1,1,11,1,1,0,£0.50 ,,0,I get £0.55 if my partner also chooses Option B. But I will get £0.00 if I choose this option and my partner does not.,,0,0,0,0,0,0,0,1,1,1,1,1,5,7,7,0,5,2,5e84f2663a34f20c3907e237,21,Male,Yes,No
43990.67133,43990.67334,IP Address,100,173,TRUE,43990.67335,R_2uOR0qQEly7Ozdc,anonymous,EN,Yes,Yes,Yes,Yes,Yes,5e85366e3b574011e66d6ef8,£0.50 ,,0,I might get £0.55 but I might also get £0.00.,,0,0,0,0,0,0,0,0,0,0,0,0,0,0,12,0,£0.50 ,,0,I get £0.55 if my partner also chooses Option B. But I will get £0.00 if I choose this option and my partner does not.,,0,0,0,0,0,0,0,1,1,1,1,1,5,7,7,0,4,1,5e85366e3b574011e66d6ef8,18,Female,Yes,Yes
43990.55447,43990.56139,IP Address,100,598,TRUE,43990.5614,R_1gvCPgeG2xZdn2U,anonymous,EN,Yes,Yes,Yes,Yes,Yes,5e85f06153defb1f9f437cdb,£0.50 ,,0,I might get £0.55 but I might also get £0.00.,,0,0,0,0,0,1,1,1,1,1,1,1,7,5,5,0,£0.50 ,,0,I get £0.55 if my partner also chooses Option B. But I will get £0.00 if I choose this option and my partner does not.,,0,0,0,0,0,1,1,1,1,1,1,1,7,5,5,0,5,5,5e85f06153defb1f9f437cdb,20,Female,Yes,Yes
43990.54381,43990.54683,IP Address,100,260,TRUE,43990.54683,R_VLnYA9fTsBYDlvP,anonymous,EN,Yes,Yes,Yes,Yes,Yes,5e8603aca846e30497df519a,£0.50 ,,0,I might get £0.55 but I might also get £0.00.,,0,0,0,0,0,0,1,1,1,1,1,1,6,6,6,0,£0.50 ,,0,I get £0.55 if my partner also chooses Option B. But I will get £0.00 if I choose this option and my partner does not.,,0,0,1,1,1,1,1,1,1,1,1,1,10,2,2,0,4,2,5e8603aca846e30497df519a,28,Male,Yes,Yes
43990.70509,43990.7087,IP Address,100,311,TRUE,43990.70871,R_1jdI95Pc6iw4hYK,anonymous,EN,Yes,Yes,Yes,Yes,Yes,5e86207688ac1c2468785acb,£0.50 ,,0,I might get £0.55 but I might also get £0.00.,,0,0,0,0,0,1,1,1,1,1,1,1,7,5,5,0,£0.50 ,,0,I get £0.55 if my partner also chooses Option B. But I will get £0.00 if I choose this option and my partner does not.,,0,0,0,0,0,0,0,0,0,0,0,1,1,11,11,0,3,1,5e86207688ac1c2468785acb,24,Female,Yes,Yes
43990.57353,43990.57622,IP Address,100,231,TRUE,43990.57622,R_1rueCa2AKvaq4vg,anonymous,EN,Yes,Yes,Yes,Yes,Yes,5e874bc1e77d1905610d03e5,£0.50 ,,0,I might get £0.55 but I might also get £0.00.,,0,0,0,0,0,0,0,1,1,1,1,1,5,7,7,0,£0.50 ,,0,I get £0.55 if my partner also chooses Option B. But I will get £0.00 if I choose this option and my partner does not.,,0,0,0,0,0,1,1,1,1,1,1,1,7,5,5,0,2,1,5e874bc1e77d1905610d03e5,19,Male,Yes,Yes
43990.60619,43990.60898,IP Address,100,240,TRUE,43990.60899,R_YcwOCf1YBp7wYZH,anonymous,EN,Yes,Yes,Yes,Yes,Yes,5e874ce2a6b352069eae0aa2,£0.50 ,,0,I might get £0.55 but I might also get £0.00.,,0,0,0,0,0,0,0,1,1,1,1,1,5,7,7,0,£0.50 ,,0,I get £0.55 if my partner also chooses Option B. But I will get £0.00 if I choose this option and my partner does not.,,0,0,0,0,0,0,0,0,1,1,1,1,4,8,8,0,2,4,5e874ce2a6b352069eae0aa2,21,Male,Yes,Yes
43990.56297,43990.5662,IP Address,100,278,TRUE,43990.56621,R_2bVuoOH2gYbVTla,anonymous,EN,Yes,Yes,Yes,Yes,Yes,5e877b32b23b0a3e7450b599,£0.50 ,,0,I might get £0.55 but I might also get £0.00.,,0,0,0,0,0,0,0,0,0,1,1,1,3,9,9,0,£0.50 ,,0,I get £0.55 if my partner also chooses Option B. But I will get £0.00 if I choose this option and my partner does not.,,0,0,1,1,1,1,1,1,1,1,1,1,10,2,2,0,3,2,5e877b32b23b0a3e7450b599,60,Male,Yes,Yes
43990.54617,43990.54763,IP Address,100,125,TRUE,43990.54764,R_1M5KxxWWd6IgjXL,anonymous,EN,Yes,Yes,Yes,Yes,Yes,5e87a14db9041d41bd444722,£0.50 ,,0,I might get £0.55 but I might also get £0.00.,,0,0,0,0,0,0,0,0,0,0,0,0,0,0,12,0,£0.50 ,,0,I get £0.55 if my partner also chooses Option B. But I will get £0.00 if I choose this option and my partner does not.,,0,0,0,0,0,0,0,0,0,1,0,1,2,9,10,1,4,3,5e87a14db9041d41bd444722,20,Male,Yes,Yes
43990.54876,43990.55286,IP Address,100,353,TRUE,43990.55286,R_2YbQtoJGpmyZHcV,anonymous,EN,Yes,Yes,Yes,Yes,Yes,5e886c6a1afb2c4fb901f380,£0.50 ,,0,I might get £0.55 but I might also get £0.00.,,0,0,0,1,1,1,1,1,1,1,1,1,9,3,3,0,£0.50 ,,0,I get £0.55 if my partner also chooses Option B. But I will get £0.00 if I choose this option and my partner does not.,,0,1,0,0,0,0,0,0,0,1,1,1,4,1,8,1,4,5,5e886c6a1afb2c4fb901f380,19,Male,Yes,Yes
43990.54954,43990.55236,IP Address,100,244,TRUE,43990.55237,R_2DOl6pLgSO6Bb1E,anonymous,EN,Yes,Yes,Yes,Yes,Yes,5e88966b6704fb518c03ff48,£0.50 ,,0,I might get £0.55 but I might also get £0.00.,,0,0,0,0,0,0,0,0,0,0,1,1,2,10,10,0,£0.50 ,,0,I get £0.55 if my partner also chooses Option B. But I will get £0.00 if I choose this option and my partner does not.,,0,0,1,1,1,1,0,0,0,1,1,1,7,2,5,1,5,4,5e88966b6704fb518c03ff48,18,Male,No,No
43990.57874,43990.5812,IP Address,100,213,TRUE,43990.58121,R_2aRgTB0GADBnWJN,anonymous,EN,Yes,Yes,Yes,Yes,Yes,5e88db6cc0905700085d018f,£0.50 ,,0,I might get £0.55 but I might also get £0.00.,,0,0,0,0,0,0,0,0,0,1,1,1,3,9,9,0,£0.50 ,,0,I get £0.55 if my partner also chooses Option B. But I will get £0.00 if I choose this option and my partner does not.,,0,1,1,1,1,1,1,1,1,1,1,1,11,1,1,0,3,1,5e88db6cc0905700085d018f,21,Male,Yes,Yes
43990.55538,43990.55903,IP Address,100,314,TRUE,43990.55904,R_1i29JSvVbTDsRJl,anonymous,EN,Yes,Yes,Yes,Yes,Yes,5e89adebd43d19642c407a70,£0.50 ,,0,I might get £0.55 but I might also get £0.00.,,0,0,0,0,0,0,0,0,0,0,0,0,0,0,12,0,£0.50 ,,0,I get £0.55 if my partner also chooses Option B. But I will get £0.00 if I choose this option and my partner does not.,,0,1,1,1,1,1,1,1,1,1,1,1,11,1,1,0,5,3,5e89adebd43d19642c407a70,38,Female,Yes,Yes
43990.55101,43990.55458,IP Address,100,308,TRUE,43990.55459,R_25Xf59VWpoKfuaH,anonymous,EN,Yes,Yes,Yes,Yes,Yes,5e89b4adb69f7b649ea0da49,£0.50 ,,0,I might get £0.55 but I might also get £0.00.,,0,0,0,0,0,0,0,0,0,1,1,1,3,9,9,0,£0.50 ,,0,I get £0.55 if my partner also chooses Option B. But I will get £0.00 if I choose this option and my partner does not.,,0,0,0,0,0,0,0,0,0,0,0,0,0,0,12,0,4,3,5e89b4adb69f7b649ea0da49,25,Female,Yes,Yes
43991.71319,43991.71741,IP Address,100,364,TRUE,43991.71742,R_2BeYSp0pzhy58Ep,anonymous,EN,Yes,Yes,Yes,Yes,Yes,5e89cc6b678c7866304377d6,£0.50 ,,0,I might get £0.55 but I might also get £0.00.,,0,0,0,0,0,0,0,0,0,0,0,1,1,11,11,0,£0.50 ,,0,I get £0.55 if my partner also chooses Option B. But I will get £0.00 if I choose this option and my partner does not.,,0,0,0,1,1,1,1,1,1,1,1,1,9,3,3,0,3,2,5e89cc6b678c7866304377d6,24,Male,Yes,No
43990.54703,43990.55214,IP Address,100,442,TRUE,43990.55215,R_3JxTvdpdcGO6mzo,anonymous,EN,Yes,Yes,Yes,Yes,Yes,5e8a60e888674a7003fbca72,£0.50 ,,0,I might get £0.55 but I might also get £0.00.,,0,0,0,0,0,0,0,1,1,1,1,1,5,7,7,0,£0.50 ,,0,I get £0.55 if my partner also chooses Option B. But I will get £0.00 if I choose this option and my partner does not.,,0,0,0,0,1,1,1,1,1,1,1,1,8,4,4,0,5,1,5e8a60e888674a7003fbca72,36,Male,Yes,Yes
43990.57889,43990.58235,IP Address,100,299,TRUE,43990.58236,R_1GP4WlSW3OVCxrZ,anonymous,EN,Yes,Yes,Yes,Yes,Yes,5e8ae6860eac7e79268d6181,£0.50 ,,0,I might get £0.55 but I might also get £0.00.,,0,0,0,0,0,1,1,1,1,1,1,1,7,5,5,0,£0.50 ,,0,I get £0.55 if my partner also chooses Option B. But I will get £0.00 if I choose this option and my partner does not.,,0,0,0,0,0,0,0,1,1,1,1,1,5,7,7,0,5,1,5e8ae6860eac7e79268d6181,25,Female,Yes,Yes
43990.69275,43990.69824,IP Address,100,473,TRUE,43990.69825,R_1FFyjnBFEKuPhyu,anonymous,EN,Yes,Yes,Yes,Yes,Yes,5e8b0bda9b3f3d023001ef7f,£0.50 ,,0,I might get £0.55 but I might also get £0.00.,,0,0,0,0,0,1,1,1,1,1,1,1,7,5,5,0,£0.50 ,,0,£0.75 ,I get £0.55 if my partner also chooses Option B. But I will get £0.00 if I choose this option and my partner does not.,1,0,1,1,1,1,1,1,1,1,1,1,10,2,2,0,5,3,5e8b0bda9b3f3d023001ef7f,23,Male,Yes,Yes
43990.54567,43990.54823,IP Address,100,221,TRUE,43990.54824,R_Zse3pwd7gNlI24x,anonymous,EN,Yes,Yes,Yes,Yes,Yes,5e8b54d775a928010fbe900b,£0.50 ,,0,I might get £0.55 but I might also get £0.00.,,0,0,1,0,0,0,0,1,1,1,1,1,6,2,6,1,£0.50 ,,0,I get £0.55 if my partner also chooses Option B. But I will get £0.00 if I choose this option and my partner does not.,,0,0,0,0,0,0,0,1,1,1,1,1,5,7,7,0,4,2,5e8b54d775a928010fbe900b,19,Male,Yes,Yes
43990.55769,43990.56067,IP Address,100,257,TRUE,43990.56068,R_3kaIjPV4rmj7oeA,anonymous,EN,Yes,Yes,Yes,Yes,Yes,5e8b554e9141ca01c97051db,£0.50 ,,0,I might get £0.55 but I might also get £0.00.,,0,0,0,0,0,1,1,1,1,1,1,1,7,5,5,0,£0.50 ,,0,I get £0.55 if my partner also chooses Option B. But I will get £0.00 if I choose this option and my partner does not.,,0,0,0,0,0,0,0,0,0,0,0,0,0,0,12,0,4,3,5e8b554e9141ca01c97051db,27,Female,Yes,No
43990.54876,43990.55556,IP Address,100,586,TRUE,43990.55556,R_1pQChN2lwOiyMrS,anonymous,EN,Yes,Yes,Yes,Yes,Yes,5e8b58da0b0a0901c999f22e,£0.50 ,,0,I might get £0.55 but I might also get £0.00.,,0,0,0,0,0,0,0,1,1,1,1,1,5,7,7,0,£0.50 ,,0,I get £0.55 if my partner also chooses Option B. But I will get £0.00 if I choose this option and my partner does not.,,0,0,0,0,0,0,0,0,1,0,0,1,2,8,10,1,4,2,5e8b58da0b0a0901c999f22e,31,Female,Yes,Yes
43990.54867,43990.55509,IP Address,100,555,TRUE,43990.5551,R_3nMp9N66zAWvUZ0,anonymous,EN,Yes,Yes,Yes,Yes,Yes,5e8b9999986fe607ac5e768c,£0.50 ,,0,I might get £0.55 but I might also get £0.00.,,0,0,0,0,0,0,0,0,0,1,1,1,3,9,9,0,£0.50 ,,0,I get £0.55 if my partner also chooses Option B. But I will get £0.00 if I choose this option and my partner does not.,,0,0,0,0,0,0,0,0,0,0,0,0,0,0,12,0,5,3,5e8b9999986fe607ac5e768c,36,Male,Yes,Yes
43990.54743,43990.55267,IP Address,100,453,TRUE,43990.55269,R_2dmTTy8W7cp6bzD,anonymous,EN,Yes,Yes,Yes,Yes,Yes,5e8c4f7b7980cb03567f42d7,£0.50 ,,0,I might get £0.55 but I might also get £0.00.,,0,0,0,0,0,1,1,1,1,1,1,1,7,5,5,0,£0.50 ,,0,I get £0.55 if my partner also chooses Option B. But I will get £0.00 if I choose this option and my partner does not.,,0,0,0,0,0,0,0,0,0,0,0,1,1,11,11,0,4,4,5e8c4f7b7980cb03567f42d7,24,Male,Yes,Yes
43990.55067,43990.55372,IP Address,100,263,TRUE,43990.55373,R_3Kr2FIL5OLMPQ4k,anonymous,EN,Yes,Yes,Yes,Yes,Yes,5e8c626158544f023c96a50e,£0.50 ,,0,I might get £0.55 but I might also get £0.00.,,0,0,0,0,0,0,0,1,1,1,1,1,5,7,7,0,£0.50 ,,0,I get £0.55 if my partner also chooses Option B. But I will get £0.00 if I choose this option and my partner does not.,,0,0,0,0,0,0,0,0,0,1,1,1,3,9,9,0,2,1,5e8c626158544f023c96a50e,22,Female,Yes,Yes
43990.54602,43990.55,IP Address,100,343,TRUE,43990.55001,R_3KoockquHTeSIe7,anonymous,EN,Yes,Yes,Yes,Yes,Yes,5e8c9d94ccad06046ba7c7a3,£0.50 ,,0,I might get £0.55 but I might also get £0.00.,,0,0,0,0,0,0,0,0,0,0,0,1,1,11,11,0,£0.50 ,,0,I get £0.55 if my partner also chooses Option B. But I will get £0.00 if I choose this option and my partner does not.,,0,0,0,0,0,0,0,0,1,0,0,1,2,8,10,1,3,2,5e8c9d94ccad06046ba7c7a3,29,Female,Yes,Yes
43990.54619,43990.54875,IP Address,100,221,TRUE,43990.54875,R_1CdxbtjAPrrWOgG,anonymous,EN,Yes,Yes,Yes,Yes,Yes,5e8d771d2f9290144bfbef7e,£0.50 ,,0,I might get £0.55 but I might also get £0.00.,,0,0,0,0,0,0,0,0,0,0,0,0,0,0,12,0,£0.50 ,,0,I get £0.55 if my partner also chooses Option B. But I will get £0.00 if I choose this option and my partner does not.,,0,0,0,0,0,0,0,0,0,0,0,0,0,0,12,0,2,1,5e8d771d2f9290144bfbef7e,27,Male,Yes,Yes
43990.56309,43990.56513,IP Address,100,176,TRUE,43990.56514,R_3rSpt1ZFUMwhqho,anonymous,EN,Yes,Yes,Yes,Yes,Yes,5e8d77909e41e413f00909a3,£0.50 ,,0,I might get £0.55 but I might also get £0.00.,,0,0,0,0,0,1,1,1,1,1,1,1,7,5,5,0,£0.50 ,,0,I get £0.55 if my partner also chooses Option B. But I will get £0.00 if I choose this option and my partner does not.,,0,0,0,0,0,0,0,0,1,1,1,1,4,8,8,0,3,2,5e8d77909e41e413f00909a3,21,Female,Yes,Yes
43990.54892,43990.55212,IP Address,100,276,TRUE,43990.55213,R_2Slf4iVHAe0kIjY,anonymous,EN,Yes,Yes,Yes,Yes,Yes,5e8da7611baf780291d2b12d,£0.50 ,,0,I might get £0.55 but I might also get £0.00.,,0,0,1,1,1,1,1,1,1,1,1,1,10,2,2,0,£0.50 ,,0,I get £0.55 if my partner also chooses Option B. But I will get £0.00 if I choose this option and my partner does not.,,0,0,0,0,0,0,0,0,0,1,1,1,3,9,9,0,5,3,5e8da7611baf780291d2b12d,27,Male,No,Yes
43990.5508,43990.5539,IP Address,100,267,TRUE,43990.55391,R_2xXL9rLVZNEHXcQ,anonymous,EN,Yes,Yes,Yes,Yes,Yes,5e8dc994c75edb051c7e2cc9,£0.50 ,,0,I might get £0.55 but I might also get £0.00.,,0,0,0,0,0,0,0,1,1,1,1,1,5,7,7,0,£0.50 ,,0,I get £0.55 if my partner also chooses Option B. But I will get £0.00 if I choose this option and my partner does not.,,0,0,0,1,1,1,1,1,1,1,1,1,9,3,3,0,4,4,5e8dc994c75edb051c7e2cc9,25,Male,Yes,Yes
43990.54575,43990.54796,IP Address,100,190,TRUE,43990.54797,R_1JV2KWcxcYzurDl,anonymous,EN,Yes,Yes,Yes,Yes,Yes,5e8df909e9fe6208d93321a9,£0.50 ,,0,I might get £0.55 but I might also get £0.00.,,0,0,0,0,1,0,0,1,1,1,1,1,6,4,6,1,£0.50 ,,0,I get £0.55 if my partner also chooses Option B. But I will get £0.00 if I choose this option and my partner does not.,,0,0,1,1,1,1,0,0,0,1,1,1,7,2,5,1,3,2,5e8df909e9fe6208d93321a9,28,Male,Yes,Yes
43990.58296,43990.58608,IP Address,100,268,TRUE,43990.58608,R_25GwQtsXkUIIp8w,anonymous,EN,Yes,Yes,Yes,Yes,Yes,5e8e0edb2654100aca8e16c5,£0.50 ,,0,I might get £0.55 but I might also get £0.00.,,0,0,0,0,0,0,1,1,1,1,1,1,6,6,6,0,£0.50 ,,0,I get £0.55 if my partner also chooses Option B. But I will get £0.00 if I choose this option and my partner does not.,,0,0,0,0,0,0,0,0,0,0,0,1,1,11,11,0,4,2,5e8e0edb2654100aca8e16c5,20,Male,Yes,Yes
43990.77403,43990.78376,IP Address,100,841,TRUE,43990.78378,R_sgKIdU1wreWdegx,anonymous,EN,Yes,Yes,Yes,Yes,Yes,5e8e0f789422bb0b0cf1506b,£0.50 ,,0,I might get £0.55 but I might also get £0.00.,,0,0,0,0,0,0,0,0,0,1,1,1,3,9,9,0,£0.50 ,,0,I get £0.55 if my partner also chooses Option B. But I will get £0.00 if I choose this option and my partner does not.,,0,0,0,1,1,1,1,1,1,1,1,1,9,3,3,0,5,4,5e8e0f789422bb0b0cf1506b,25,Female,Yes,No
43990.63439,43990.63737,IP Address,100,258,TRUE,43990.63739,R_Pv3xk0PgTarFLnX,anonymous,EN,Yes,Yes,Yes,Yes,Yes,5e8e6cc12b493112fbd66a94,£0.50 ,,0,I might get £0.55 but I might also get £0.00.,,0,0,0,0,0,0,0,0,0,0,0,0,0,0,12,0,£0.50 ,,0,I get £0.55 if my partner also chooses Option B. But I will get £0.00 if I choose this option and my partner does not.,,0,0,0,1,1,1,1,1,1,1,1,1,9,3,3,0,5,1,5e8e6cc12b493112fbd66a94,48,Female,No,No
43990.56166,43990.56436,IP Address,100,233,TRUE,43990.56437,R_tLLiLUhSMKbNgw9,anonymous,EN,Yes,Yes,Yes,Yes,Yes,5e8e6d107da4b311f11e3d47,£0.50 ,,0,I might get £0.55 but I might also get £0.00.,,0,1,1,1,1,1,1,1,1,1,1,1,11,1,1,0,£0.50 ,,0,I get £0.55 if my partner also chooses Option B. But I will get £0.00 if I choose this option and my partner does not.,,0,1,1,1,1,1,1,1,1,1,1,1,11,1,1,0,4,2,5e8e6d107da4b311f11e3d47,20,Female,Yes,Yes
43990.54263,43990.545,IP Address,100,205,TRUE,43990.54501,R_25TRP4toDyd26Nd,anonymous,EN,Yes,Yes,Yes,Yes,Yes,5e8ecc2ccd40fa1876aa7c23,£0.50 ,,0,I might get £0.55 but I might also get £0.00.,,0,0,0,0,0,0,0,1,1,1,1,1,5,7,7,0,£0.50 ,,0,I get £0.55 if my partner also chooses Option B. But I will get £0.00 if I choose this option and my partner does not.,,0,0,0,1,1,1,1,1,1,1,1,1,9,3,3,0,5,3,5e8ecc2ccd40fa1876aa7c23,29,Male,Yes,No
43990.56266,43990.56681,IP Address,100,357,TRUE,43990.56681,R_1hTfaKWVxAR515C,anonymous,EN,Yes,Yes,Yes,Yes,Yes,5e8f119740aaf41d90edaab8,£0.50 ,,0,I might get £0.55 but I might also get £0.00.,,0,0,0,0,0,0,0,1,1,1,1,1,5,7,7,0,£0.50 ,,0,I get £0.55 if my partner also chooses Option B. But I will get £0.00 if I choose this option and my partner does not.,,0,0,0,0,1,1,1,1,1,1,1,1,8,4,4,0,1,3,5e8f119740aaf41d90edaab8,22,Female,Yes,Yes
43992.47925,43992.48282,IP Address,100,309,TRUE,43992.48283,R_rcAGwgO14apqQnf,anonymous,EN,Yes,Yes,Yes,Yes,Yes,5e8f436f46d11b204e90a45b,£0.50 ,,0,I might get £0.55 but I might also get £0.00.,,0,1,1,1,1,1,1,1,1,1,1,1,11,1,1,0,£0.50 ,,0,I get £0.55 if my partner also chooses Option B. But I will get £0.00 if I choose this option and my partner does not.,,0,0,0,0,0,0,0,1,1,1,1,1,5,7,7,0,2,1,5e8f436f46d11b204e90a45b,25,Female,No,Yes
43990.54736,43990.55216,IP Address,100,414,TRUE,43990.55217,R_1CByxz4xOzrCkqA,anonymous,EN,Yes,Yes,Yes,Yes,Yes,5e8f5a86dc9b180a6e163835,£0.50 ,,0,I might get £0.55 but I might also get £0.00.,,0,1,1,1,1,1,1,1,1,1,1,1,11,1,1,0,£0.50 ,,0,I get £0.55 if my partner also chooses Option B. But I will get £0.00 if I choose this option and my partner does not.,,0,0,0,0,0,0,0,0,0,0,0,0,0,0,12,0,4,1,5e8f5a86dc9b180a6e163835,31,Male,Yes,Yes
43990.5461,43990.54891,IP Address,100,243,TRUE,43990.54892,R_1rNtoJWaCKUNEMi,anonymous,EN,Yes,Yes,Yes,Yes,Yes,5e8f756648446a0a7f0a7053,£0.50 ,,0,I might get £0.55 but I might also get £0.00.,,0,1,1,1,1,1,1,1,1,1,1,1,11,1,1,0,£0.50 ,,0,I get £0.55 if my partner also chooses Option B. But I will get £0.00 if I choose this option and my partner does not.,,0,0,0,0,0,0,1,1,1,1,1,1,6,6,6,0,1,4,5e8f756648446a0a7f0a7053,25,Male,Yes,Yes
43990.66911,43990.67184,IP Address,100,236,TRUE,43990.67185,R_2TpmXdO8MRfsdGg,anonymous,EN,Yes,Yes,Yes,Yes,Yes,5e8f7d306ced5f26b943c877,£0.50 ,,0,I might get £0.55 but I might also get £0.00.,,0,0,0,0,0,0,0,0,0,1,1,1,3,9,9,0,£0.50 ,,0,I get £0.55 if my partner also chooses Option B. But I will get £0.00 if I choose this option and my partner does not.,,0,0,1,1,1,1,1,1,1,1,1,1,10,2,2,0,1,2,5e8f7d306ced5f26b943c877,24,Male,No,No
43991.86729,43991.87101,IP Address,100,321,TRUE,43991.87102,R_3Pq5FHu2jZomoCa,anonymous,EN,Yes,Yes,Yes,Yes,Yes,5e8fae5ce5846e10450f1a3e,£0.50 ,,0,I might get £0.55 but I might also get £0.00.,,0,0,0,0,0,0,0,1,1,1,1,1,5,7,7,0,£0.50 ,,0,I get £0.55 if my partner also chooses Option B. But I will get £0.00 if I choose this option and my partner does not.,,0,0,1,1,1,1,1,1,1,1,1,1,10,2,2,0,3,1,5e8fae5ce5846e10450f1a3e,22,Male,Yes,Yes
43990.74704,43990.7495,IP Address,100,213,TRUE,43990.74951,R_1SKwXDijqiK7wv7,anonymous,EN,Yes,Yes,Yes,Yes,Yes,5e906586a9e4ef362ab2ffa8,£0.50 ,,0,I might get £0.55 but I might also get £0.00.,,0,1,1,1,1,1,1,1,1,1,1,1,11,1,1,0,£0.50 ,,0,I get £0.55 if my partner also chooses Option B. But I will get £0.00 if I choose this option and my partner does not.,,0,0,0,0,0,1,0,1,0,0,0,0,2,5,10,1,5,1,5e906586a9e4ef362ab2ffa8,28,Female,No,Yes
43990.56509,43990.56781,IP Address,100,234,TRUE,43990.56782,R_3EGdRPHN5KL3vnr,anonymous,EN,Yes,Yes,Yes,Yes,Yes,5e9083a84e0cfb05d542a3e6,£0.50 ,,0,I might get £0.55 but I might also get £0.00.,,0,0,0,0,0,0,0,0,0,1,1,1,3,9,9,0,£0.50 ,,0,I get £0.55 if my partner also chooses Option B. But I will get £0.00 if I choose this option and my partner does not.,,0,1,0,0,0,0,0,0,0,1,1,1,4,1,8,1,5,1,5e9083a84e0cfb05d542a3e6,36,Male,Yes,Yes
43990.54659,43990.55089,IP Address,100,372,TRUE,43990.5509,R_1hG6r8lXZFB0eVR,anonymous,EN,Yes,Yes,Yes,Yes,Yes,5e90a8363f920e3bda6b5068,£0.50 ,,0,I might get £0.55 but I might also get £0.00.,,0,0,0,0,0,0,0,0,0,0,0,0,0,0,12,0,£0.50 ,,0,I get £0.55 if my partner also chooses Option B. But I will get £0.00 if I choose this option and my partner does not.,,0,0,0,0,0,1,1,1,1,1,1,1,7,5,5,0,4,2,5e90a8363f920e3bda6b5068,19,Female,Yes,Yes
43990.54427,43990.54663,IP Address,100,204,TRUE,43990.54664,R_1OOBJDvSznfOPqt,anonymous,EN,Yes,Yes,Yes,Yes,Yes,5e91af0502f2a30008338b53,£0.50 ,,0,I might get £0.55 but I might also get £0.00.,,0,0,0,0,0,0,0,0,0,0,0,1,1,11,11,0,£0.50 ,,0,I get £0.55 if my partner also chooses Option B. But I will get £0.00 if I choose this option and my partner does not.,,0,0,1,1,1,1,1,1,1,1,1,1,10,2,2,0,4,2,5e91af0502f2a30008338b53,32,Female,Yes,No
43990.54536,43990.54882,IP Address,100,298,TRUE,43990.54883,R_umiMLxwZemj4kQV,anonymous,EN,Yes,Yes,Yes,Yes,Yes,5e91ea1dd8c359520ecb6e8d,£0.50 ,,0,I might get £0.55 but I might also get £0.00.,,0,0,0,0,0,1,1,1,1,1,1,1,7,5,5,0,£0.50 ,,0,I get £0.55 if my partner also chooses Option B. But I will get £0.00 if I choose this option and my partner does not.,,0,0,0,0,0,1,1,1,1,1,1,1,7,5,5,0,5,5,5e91ea1dd8c359520ecb6e8d,18,Male,Yes,Yes
43990.55969,43990.56292,IP Address,100,278,TRUE,43990.56292,R_2VaRvMfHDUZUPbq,anonymous,EN,Yes,Yes,Yes,Yes,Yes,5e9205669b5ff052ff624e9d,£0.50 ,,0,I might get £0.55 but I might also get £0.00.,,0,0,0,0,0,0,0,1,1,1,1,1,5,7,7,0,£0.50 ,,0,I get £0.55 if my partner also chooses Option B. But I will get £0.00 if I choose this option and my partner does not.,,0,0,0,0,0,0,0,0,0,1,1,1,3,9,9,0,4,2,5e9205669b5ff052ff624e9d,21,Male,Yes,Yes
43990.54961,43990.55622,IP Address,100,571,TRUE,43990.55622,R_2tyFuzYMcIvqaJX,anonymous,EN,Yes,Yes,Yes,Yes,Yes,5e92267dcc3d6c553eb8c817,£0.50 ,,0,I might get £0.55 but I might also get £0.00.,,0,0,0,0,0,0,0,1,1,1,1,1,5,7,7,0,£0.50 ,,0,I get £0.55 if my partner also chooses Option B. But I will get £0.00 if I choose this option and my partner does not.,,0,0,0,0,0,0,0,1,1,1,1,1,5,7,7,0,5,1,5e92267dcc3d6c553eb8c817,18,Male,Yes,Yes
43990.59501,43990.5985,IP Address,100,300,TRUE,43990.5985,R_2ziFR81P9439LhV,anonymous,EN,Yes,Yes,Yes,Yes,Yes,5e9288991dabe70bf963ac73,£0.50 ,,0,I might get £0.55 but I might also get £0.00.,,0,0,0,0,0,0,0,0,1,1,1,1,4,8,8,0,£0.50 ,,0,I get £0.55 if my partner also chooses Option B. But I will get £0.00 if I choose this option and my partner does not.,,0,0,0,0,0,1,1,1,1,1,1,1,7,5,5,0,2,5,5e9288991dabe70bf963ac73,20,Male,Yes,No
43990.56051,43990.569,IP Address,100,733,TRUE,43990.56901,R_2BsXr4Zgl4GMLgP,anonymous,EN,Yes,Yes,Yes,Yes,Yes,5e92e2665a5f0f608210d1b8,£0.50 ,,0,I might get £0.55 but I might also get £0.00.,,0,0,0,0,0,0,0,0,0,1,1,1,3,9,9,0,£0.50 ,,0,I get £0.55 if my partner also chooses Option B. But I will get £0.00 if I choose this option and my partner does not.,,0,0,0,0,1,1,1,1,1,1,1,1,8,4,4,0,5,1,5e92e2665a5f0f608210d1b8,53,Female,No,No
43990.56888,43990.57976,IP Address,100,940,TRUE,43990.57976,R_0AsoZo0WJ0zJEw9,anonymous,EN,Yes,Yes,Yes,Yes,Yes,5e9324e0019f08188c80f45a,£1.00 ,£0.50 ,1,I might get £0.55 but I might also get £0.00.,,0,0,0,0,0,1,1,0,1,1,1,1,6,5,6,1,£0.50 ,,0,I get £0.55 if my partner also chooses Option B. But I will get £0.00 if I choose this option and my partner does not.,,0,1,1,1,1,1,1,1,1,1,1,1,11,1,1,0,5,3,5e9324e0019f08188c80f45a,34,Male,Yes,Yes
43990.54538,43990.55027,IP Address,100,421,TRUE,43990.55028,R_3nJxJtkB8BM5uzK,anonymous,EN,Yes,Yes,Yes,Yes,Yes,5e932ffe20456a65dc0ea7e1,£0.50 ,,0,I might get £0.55 but I might also get £0.00.,,0,0,0,0,0,0,0,1,1,1,1,1,5,7,7,0,£0.50 ,,0,I get £0.55 if my partner also chooses Option B. But I will get £0.00 if I choose this option and my partner does not.,,0,0,0,1,1,1,1,1,1,1,1,1,9,3,3,0,3,1,5e932ffe20456a65dc0ea7e1,19,Female,No,No
43990.67037,43990.67831,IP Address,100,685,TRUE,43990.67831,R_Y9YmPGkLTWqc0G5,anonymous,EN,Yes,Yes,Yes,Yes,Yes,5e9389cfb233866d25aee009,£0.50 ,,0,I might get £0.55 but I might also get £0.00.,,0,0,1,1,1,1,1,1,1,1,1,1,10,2,2,0,£0.50 ,,0,I get £0.55 if my partner also chooses Option B. But I will get £0.00 if I choose this option and my partner does not.,,0,0,1,1,1,1,1,1,1,1,1,1,10,2,2,0,5,4,5e9389cfb233866d25aee009,25,Male,No,No
43990.54296,43990.54586,IP Address,100,250,TRUE,43990.54587,R_2B2ky2Qlmaeg5ke,anonymous,EN,Yes,Yes,Yes,Yes,Yes,5e9392ececa0a06e5b10e8d8,£0.50 ,,0,I might get £0.55 but I might also get £0.00.,,0,0,0,0,0,1,1,1,1,1,1,1,7,5,5,0,£0.50 ,,0,I get £0.55 if my partner also chooses Option B. But I will get £0.00 if I choose this option and my partner does not.,,0,0,0,0,0,1,1,1,1,1,1,1,7,5,5,0,4,5,5e9392ececa0a06e5b10e8d8,27,Female,Yes,Yes
43990.54339,43990.54648,IP Address,100,267,TRUE,43990.54649,R_24MgAjd7Zq5ZLa2,anonymous,EN,Yes,Yes,Yes,Yes,Yes,5e943ce46c1dea77b9c2aea2,£0.50 ,,0,I might get £0.55 but I might also get £0.00.,,0,0,0,0,0,0,0,0,0,0,1,1,2,10,10,0,£0.50 ,,0,I get £0.55 if my partner also chooses Option B. But I will get £0.00 if I choose this option and my partner does not.,,0,0,0,0,0,0,0,1,1,1,1,1,5,7,7,0,4,1,5e943ce46c1dea77b9c2aea2,19,Female,Yes,Yes
43991.71789,43991.72245,IP Address,100,394,TRUE,43991.72246,R_7NUf48yOULgAVDr,anonymous,EN,Yes,Yes,Yes,Yes,Yes,5e9451b8ae0620000814b5bd,£0.50 ,,0,I might get £0.55 but I might also get £0.00.,,0,0,0,0,0,0,0,1,1,1,1,1,5,7,7,0,£0.50 ,,0,I get £0.55 if my partner also chooses Option B. But I will get £0.00 if I choose this option and my partner does not.,,0,0,0,1,1,1,1,1,1,1,1,1,9,3,3,0,2,2,5e9451b8ae0620000814b5bd,24,Female,Yes,Yes
43990.54358,43990.548,IP Address,100,382,TRUE,43990.548,R_cBlF7IKw9WCjqhz,anonymous,EN,Yes,Yes,Yes,Yes,Yes,5e9453153c58a12b7456d560,£0.50 ,,0,I might get £0.55 but I might also get £0.00.,,0,0,0,0,0,1,1,1,1,1,1,1,7,5,5,0,£0.50 ,,0,I get £0.55 if my partner also chooses Option B. But I will get £0.00 if I choose this option and my partner does not.,,0,0,0,0,0,1,1,1,1,1,1,1,7,5,5,0,3,5,5e9453153c58a12b7456d560,35,Male,Yes,Yes
43990.54284,43990.54539,IP Address,100,220,TRUE,43990.5454,R_3ptn0Ff00srLzqe,anonymous,EN,Yes,Yes,Yes,Yes,Yes,5e945bd5f0329801e7cebca0,£0.50 ,,0,I might get £0.55 but I might also get £0.00.,,0,0,0,0,0,0,1,0,1,0,1,0,3,6,9,1,£0.50 ,,0,I get £0.55 if my partner also chooses Option B. But I will get £0.00 if I choose this option and my partner does not.,,0,0,0,0,0,0,0,1,1,1,1,1,5,7,7,0,5,2,5e945bd5f0329801e7cebca0,25,Male,Yes,Yes
43990.54887,43990.55134,IP Address,100,213,TRUE,43990.55135,R_Om3n0wbIJ0qesHD,anonymous,EN,Yes,Yes,Yes,Yes,Yes,5e948aa20c949c2fff20eabf,£0.50 ,,0,I might get £0.55 but I might also get £0.00.,,0,0,0,0,0,0,0,0,0,1,1,1,3,9,9,0,£0.50 ,,0,I get £0.55 if my partner also chooses Option B. But I will get £0.00 if I choose this option and my partner does not.,,0,0,0,0,0,0,0,0,0,0,0,0,0,0,12,0,4,2,5e948aa20c949c2fff20eabf,19,Male,Yes,Yes
43991.75806,43991.76397,IP Address,100,511,TRUE,43991.76399,R_2fm7uAeHkDXaVxn,anonymous,EN,Yes,Yes,Yes,Yes,Yes,5e948f32ef32a32d4b3a6205,£0.50 ,,0,I might get £0.55 but I might also get £0.00.,,0,0,0,1,1,1,1,1,1,1,1,1,9,3,3,0,£0.50 ,,0,I get £0.55 if my partner also chooses Option B. But I will get £0.00 if I choose this option and my partner does not.,,0,1,1,1,1,1,1,1,1,1,1,1,11,1,1,0,5,2,5e948f32ef32a32d4b3a6205,21,Female,Yes,Yes
43990.5478,43990.55623,IP Address,100,727,TRUE,43990.55624,R_3nkCxUoGdSNBaXU,anonymous,EN,Yes,Yes,Yes,Yes,Yes,5e94cb92f8e158837cbcbaa7,£0.50 ,,0,I might get £0.55 but I might also get £0.00.,,0,0,0,0,0,0,0,0,0,0,0,1,1,11,11,0,£0.50 ,,0,I get £0.55 if my partner also chooses Option B. But I will get £0.00 if I choose this option and my partner does not.,,0,0,0,0,0,1,1,1,1,1,1,1,7,5,5,0,3,1,5e94cb92f8e158837cbcbaa7,21,Male,No,No
43990.5431,43990.54611,IP Address,100,260,TRUE,43990.54612,R_qvXKMEJmk1pyurf,anonymous,EN,Yes,Yes,Yes,Yes,Yes,5e94cddf765e978386d4954b,£0.50 ,,0,I might get £0.55 but I might also get £0.00.,,0,0,0,0,1,0,1,1,0,1,0,1,5,4,7,1,£0.50 ,,0,I get £0.55 if my partner also chooses Option B. But I will get £0.00 if I choose this option and my partner does not.,,0,0,0,0,1,1,1,1,1,1,1,1,8,4,4,0,5,3,5e94cddf765e978386d4954b,18,Male,Yes,Yes
43990.54579,43990.54884,IP Address,100,264,TRUE,43990.54885,R_3fBPyT5825MnWmW,anonymous,EN,Yes,Yes,Yes,Yes,Yes,5e94d553ddd9ff8326b0ceee,£0.50 ,,0,I might get £0.55 but I might also get £0.00.,,0,0,0,0,0,0,0,1,1,1,1,1,5,7,7,0,£0.50 ,,0,I get £0.55 if my partner also chooses Option B. But I will get £0.00 if I choose this option and my partner does not.,,0,0,0,0,1,1,1,1,1,1,1,1,8,4,4,0,4,4,5e94d553ddd9ff8326b0ceee,22,Male,Yes,Yes
43990.55813,43990.56282,IP Address,100,406,TRUE,43990.56284,R_1PYOGwITeTWVmYF,anonymous,EN,Yes,Yes,Yes,Yes,Yes,5e950dd04a5c110fa268ff11,£0.50 ,,0,I might get £0.55 but I might also get £0.00.,,0,0,0,0,0,0,0,0,0,1,1,1,3,9,9,0,£0.50 ,,0,I get £0.55 if my partner also chooses Option B. But I will get £0.00 if I choose this option and my partner does not.,,0,0,0,1,1,1,1,1,1,1,1,1,9,3,3,0,3,3,5e950dd04a5c110fa268ff11,28,Female,Yes,Yes
43990.61237,43990.61462,IP Address,100,193,TRUE,43990.61463,R_25FREoQaZd0neHc,anonymous,EN,Yes,Yes,Yes,Yes,Yes,5e958fc68ee4fe91ca00328d,£0.50 ,,0,I might get £0.55 but I might also get £0.00.,,0,0,0,0,0,1,1,1,1,1,1,1,7,5,5,0,£0.50 ,,0,I get £0.55 if my partner also chooses Option B. But I will get £0.00 if I choose this option and my partner does not.,,0,0,0,0,0,1,1,1,1,1,1,1,7,5,5,0,5,2,5e958fc68ee4fe91ca00328d,27,Male,Yes,Yes
43990.54962,43990.55424,IP Address,100,398,TRUE,43990.55424,R_3CU9M0gFpC2RXzQ,anonymous,EN,Yes,Yes,Yes,Yes,Yes,5e95a1eaa47bd519698e07c0,£0.50 ,,0,I might get £0.55 but I might also get £0.00.,,0,0,0,0,0,0,0,0,0,0,0,0,0,0,12,0,£0.50 ,,0,I get £0.55 if my partner also chooses Option B. But I will get £0.00 if I choose this option and my partner does not.,,0,0,0,0,0,0,0,0,0,1,1,1,3,9,9,0,5,1,5e95a1eaa47bd519698e07c0,25,Female,Yes,Yes
43990.56677,43990.57019,IP Address,100,294,TRUE,43990.57019,R_vHchc81VAhAqgKZ,anonymous,EN,Yes,Yes,Yes,Yes,Yes,5e95c754c57f050130fdd667,£0.50 ,,0,I might get £0.55 but I might also get £0.00.,,0,0,0,0,0,0,0,0,0,1,1,1,3,9,9,0,£0.50 ,,0,I get £0.55 if my partner also chooses Option B. But I will get £0.00 if I choose this option and my partner does not.,,0,0,0,0,1,1,1,1,1,1,1,1,8,4,4,0,4,4,5e95c754c57f050130fdd667,22,Male,Yes,Yes
43990.69712,43990.69911,IP Address,100,172,TRUE,43990.69912,R_5zrf9XtmNOmrQWd,anonymous,EN,Yes,Yes,Yes,Yes,Yes,5e9607da6b866106f5666075,£0.50 ,,0,I might get £0.55 but I might also get £0.00.,,0,0,0,0,0,1,1,1,1,1,1,1,7,5,5,0,£0.50 ,,0,I get £0.55 if my partner also chooses Option B. But I will get £0.00 if I choose this option and my partner does not.,,0,0,0,0,0,0,0,0,0,1,1,1,3,9,9,0,4,1,5e9607da6b866106f5666075,23,Female,Yes,Yes
43990.54406,43990.55105,IP Address,100,604,TRUE,43990.55106,R_54GOHtdWOohZW7L,anonymous,EN,Yes,Yes,Yes,Yes,Yes,5e960c8c9bf3f107ad0c38b9,£0.50 ,,0,I might get £0.55 but I might also get £0.00.,,0,0,0,0,1,0,1,1,1,1,1,1,7,4,5,1,£0.50 ,,0,I get £0.55 if my partner also chooses Option B. But I will get £0.00 if I choose this option and my partner does not.,,0,0,0,0,0,0,0,1,1,1,1,1,5,7,7,0,4,2,5e960c8c9bf3f107ad0c38b9,21,Female,Yes,Yes
43990.54811,43990.55228,IP Address,100,359,TRUE,43990.55229,R_2dT4J9OEZuhFJuk,anonymous,EN,Yes,Yes,Yes,Yes,Yes,5e967287118edf0fd9824bc2,£0.50 ,,0,I might get £0.55 but I might also get £0.00.,,0,0,0,0,0,0,0,0,0,0,0,0,0,0,12,0,£0.50 ,,0,I get £0.55 if my partner also chooses Option B. But I will get £0.00 if I choose this option and my partner does not.,,0,0,0,0,0,1,0,1,0,1,1,1,5,5,7,1,3,2,5e967287118edf0fd9824bc2,45,Female,Yes,No
43990.54664,43990.55005,IP Address,100,293,TRUE,43990.55006,R_SGHoZihDwxP3reF,anonymous,EN,Yes,Yes,Yes,Yes,Yes,5e96cc91aa7db715c3c41425,£0.50 ,,0,I might get £0.55 but I might also get £0.00.,,0,0,0,0,1,1,1,1,1,1,1,1,8,4,4,0,£0.50 ,,0,I get £0.55 if my partner also chooses Option B. But I will get £0.00 if I choose this option and my partner does not.,,0,0,0,0,0,0,0,0,0,0,1,1,2,10,10,0,4,3,5e96cc91aa7db715c3c41425,19,Male,Yes,Yes
43990.68406,43990.68727,IP Address,100,276,TRUE,43990.68728,R_rjzYthPPWpHLJUl,anonymous,EN,Yes,Yes,Yes,Yes,Yes,5e97020ff5f28203706f5266,£0.50 ,,0,I might get £0.55 but I might also get £0.00.,,0,0,0,0,1,0,0,1,1,1,1,1,6,4,6,1,£1.00 ,£0.50 ,1,I get £0.55 if my partner also chooses Option B. But I will get £0.00 if I choose this option and my partner does not.,,0,0,0,0,0,0,0,0,0,0,0,0,0,0,12,0,4,3,5e97020ff5f28203706f5266,22,Male,Yes,Yes
43990.6315,43990.63565,IP Address,100,358,TRUE,43990.63565,R_3gT8XOcNzEd7OGJ,anonymous,EN,Yes,Yes,Yes,Yes,Yes,5e9807f61008ba0009b46f49,£0.50 ,,0,I might get £0.55 but I might also get £0.00.,,0,0,1,1,1,1,1,1,1,1,1,1,10,2,2,0,£0.50 ,,0,I get £0.55 if my partner also chooses Option B. But I will get £0.00 if I choose this option and my partner does not.,,0,1,1,1,1,1,1,1,1,1,1,1,11,1,1,0,3,1,5e9807f61008ba0009b46f49,22,Male,Yes,Yes
43990.54392,43990.54759,IP Address,100,316,TRUE,43990.5476,R_XuLta6CTL7IkbEl,anonymous,EN,Yes,Yes,Yes,Yes,Yes,5e984c6428d7fb04c21a3bf5,£0.50 ,,0,I might get £0.55 but I might also get £0.00.,,0,0,0,0,0,0,0,1,1,1,1,1,5,7,7,0,£0.50 ,,0,I get £0.55 if my partner also chooses Option B. But I will get £0.00 if I choose this option and my partner does not.,,0,0,0,0,0,0,0,1,1,1,1,1,5,7,7,0,2,3,5e984c6428d7fb04c21a3bf5,18,Male,Yes,Yes
43990.54943,43990.55237,IP Address,100,253,TRUE,43990.55238,R_2aIZ9QeMDY4gSbk,anonymous,EN,Yes,Yes,Yes,Yes,Yes,5e9898fe07bacf0a1be91a71,£0.50 ,,0,I might get £0.55 but I might also get £0.00.,,0,0,0,0,0,1,1,1,1,1,1,1,7,5,5,0,£0.50 ,,0,I get £0.55 if my partner also chooses Option B. But I will get £0.00 if I choose this option and my partner does not.,,0,0,0,0,0,0,0,0,0,0,0,0,0,0,12,0,3,1,5e9898fe07bacf0a1be91a71,22,Male,Yes,No
43990.63433,43990.63916,IP Address,100,416,TRUE,43990.63917,R_xf749U0cEaIlZYt,anonymous,EN,Yes,Yes,Yes,Yes,Yes,5e995bb3cad79d18ff15747d,£0.50 ,,0,I might get £0.55 but I might also get £0.00.,,0,0,0,0,0,1,0,1,1,1,1,1,6,5,6,1,£0.50 ,,0,I get £0.55 if my partner also chooses Option B. But I will get £0.00 if I choose this option and my partner does not.,,0,0,0,1,1,1,1,1,1,1,1,1,9,3,3,0,1,1,5e995bb3cad79d18ff15747d,53,Female,Yes,Yes
43990.57483,43990.57853,IP Address,100,320,TRUE,43990.57855,R_1InOFwGJipXO3jp,anonymous,EN,Yes,Yes,Yes,Yes,Yes,5e99883b0fc9aa000851eb3f,£0.50 ,,0,I might get £0.55 but I might also get £0.00.,,0,0,0,0,0,1,1,1,1,1,1,1,7,5,5,0,£0.50 ,,0,I get £0.55 if my partner also chooses Option B. But I will get £0.00 if I choose this option and my partner does not.,,0,1,1,1,1,1,1,1,1,1,1,1,11,1,1,0,5,1,5e99883b0fc9aa000851eb3f,27,Female,No,No
43990.66366,43990.67043,IP Address,100,585,TRUE,43990.67044,R_2R9a5hIZu6009Av,anonymous,EN,Yes,Yes,Yes,Yes,Yes,5e9994a1a0611e1cb8035eb9,£0.50 ,,0,I might get £0.55 but I might also get £0.00.,,0,0,0,0,0,0,0,0,0,1,1,1,3,9,9,0,£0.50 ,,0,I get £0.55 if my partner also chooses Option B. But I will get £0.00 if I choose this option and my partner does not.,,0,0,1,1,1,1,1,1,1,1,1,1,10,2,2,0,4,4,5e9994a1a0611e1cb8035eb9,28,Female,Yes,Yes
43990.54699,43990.55691,IP Address,100,857,TRUE,43990.55692,R_3PSTY6zwMCXhg4n,anonymous,EN,Yes,Yes,Yes,Yes,Yes,5e9995897ace3c0009b2c481,£0.50 ,,0,I might get £0.55 but I might also get £0.00.,,0,0,0,0,0,0,0,0,0,1,1,1,3,9,9,0,£0.50 ,,0,I get £0.55 if my partner also chooses Option B. But I will get £0.00 if I choose this option and my partner does not.,,0,0,1,1,1,1,1,1,1,1,1,1,10,2,2,0,4,2,5e9995897ace3c0009b2c481,20,Male,Yes,No
43990.5683,43990.57066,IP Address,100,204,TRUE,43990.57067,R_3n1wleRA8pVMvo7,anonymous,EN,Yes,Yes,Yes,Yes,Yes,5e9998a757c6fe1cc644435f,£0.50 ,,0,I might get £0.55 but I might also get £0.00.,,0,0,0,0,1,1,1,1,1,1,1,1,8,4,4,0,£0.50 ,,0,I get £0.55 if my partner also chooses Option B. But I will get £0.00 if I choose this option and my partner does not.,,0,0,0,0,1,1,1,1,1,1,1,1,8,4,4,0,5,5,5e9998a757c6fe1cc644435f,18,Male,Yes,Yes
43990.54887,43990.55286,IP Address,100,345,TRUE,43990.55287,R_2y72qkYV7yEIBHK,anonymous,EN,Yes,Yes,Yes,Yes,Yes,5e9a166d196ab009eb34bcdd,£0.50 ,,0,I might get £0.55 but I might also get £0.00.,,0,0,0,0,0,1,1,1,1,1,1,1,7,5,5,0,£0.50 ,,0,I get £0.55 if my partner also chooses Option B. But I will get £0.00 if I choose this option and my partner does not.,,0,0,0,0,0,0,0,0,0,0,0,0,0,0,12,0,5,2,5e9a166d196ab009eb34bcdd,24,Female,Yes,Yes
43990.54785,43990.55109,IP Address,100,280,TRUE,43990.55109,R_2ah1ZvFMbycCujp,anonymous,EN,Yes,Yes,Yes,Yes,Yes,5e9a2f3ec68a310c7dd56619,£0.50 ,,0,I might get £0.55 but I might also get £0.00.,,0,0,0,0,0,0,0,0,0,0,0,0,0,0,12,0,£0.50 ,,0,I get £0.55 if my partner also chooses Option B. But I will get £0.00 if I choose this option and my partner does not.,,0,0,0,0,0,1,1,1,1,1,1,1,7,5,5,0,5,4,5e9a2f3ec68a310c7dd56619,43,Male,Yes,Yes
43990.54374,43990.54728,IP Address,100,305,TRUE,43990.54729,R_2428GQZEyPO0ONb,anonymous,EN,Yes,Yes,Yes,Yes,Yes,5e9ac4e1154a031635a54208,£0.50 ,,0,I might get £0.55 but I might also get £0.00.,,0,0,0,0,0,1,1,1,1,1,1,1,7,5,5,0,£0.50 ,,0,I get £0.55 if my partner also chooses Option B. But I will get £0.00 if I choose this option and my partner does not.,,0,0,0,1,1,1,1,1,1,1,1,1,9,3,3,0,5,2,5e9ac4e1154a031635a54208,24,Female,Yes,Yes
43990.66818,43990.67142,IP Address,100,280,TRUE,43990.67144,R_3OolM4P2yFujaqM,anonymous,EN,Yes,Yes,Yes,Yes,Yes,5e9aefed2bfcae181986ae8c,£0.50 ,,0,I might get £0.55 but I might also get £0.00.,,0,0,0,0,0,0,0,1,1,1,1,1,5,7,7,0,£0.50 ,,0,I get £0.55 if my partner also chooses Option B. But I will get £0.00 if I choose this option and my partner does not.,,0,0,0,0,0,1,1,1,1,1,1,1,7,5,5,0,5,4,5e9aefed2bfcae181986ae8c,24,Female,Yes,Yes
43990.54873,43990.55155,IP Address,100,244,TRUE,43990.55156,R_2dYf96CkA5dafLE,anonymous,EN,Yes,Yes,Yes,Yes,Yes,5e9c5aa34bf531172bac341b,£0.50 ,,0,I might get £0.55 but I might also get £0.00.,,0,0,0,0,0,0,0,0,0,0,0,0,0,0,12,0,£0.50 ,,0,I get £0.55 if my partner also chooses Option B. But I will get £0.00 if I choose this option and my partner does not.,,0,0,0,0,0,0,0,1,1,1,1,1,5,7,7,0,1,1,5e9c5aa34bf531172bac341b,20,Female,Yes,Yes
43990.66998,43990.67211,IP Address,100,183,TRUE,43990.67212,R_2Ym6KyqWqrpDgrH,anonymous,EN,Yes,Yes,Yes,Yes,Yes,5e9c5c24b8fbf31830b9fcbd,£0.50 ,,0,I might get £0.55 but I might also get £0.00.,,0,0,1,0,0,0,0,1,1,1,1,1,6,2,6,1,£0.50 ,,0,I get £0.55 if my partner also chooses Option B. But I will get £0.00 if I choose this option and my partner does not.,,0,0,0,0,0,1,1,1,1,1,1,1,7,5,5,0,3,1,5e9c5c24b8fbf31830b9fcbd,26,Male,Yes,Yes
43990.56201,43990.56417,IP Address,100,186,TRUE,43990.56418,R_vBNmAHNFJD6sLhT,anonymous,EN,Yes,Yes,Yes,Yes,Yes,5e9c6817a00baa04639f515e,£0.50 ,,0,I might get £0.55 but I might also get £0.00.,,0,0,0,0,0,0,0,0,0,0,0,0,0,0,12,0,£0.50 ,,0,I get £0.55 if my partner also chooses Option B. But I will get £0.00 if I choose this option and my partner does not.,,0,0,0,0,0,0,0,0,0,0,0,0,0,0,12,0,4,3,5e9c6817a00baa04639f515e,23,Male,Yes,Yes
43990.76919,43990.77465,IP Address,100,472,TRUE,43990.77466,R_33rPIqnfOGdulWX,anonymous,EN,Yes,Yes,Yes,Yes,Yes,5e9cc45854f95c07cb4f3020,£0.50 ,,0,I might get £0.55 but I might also get £0.00.,,0,1,1,1,1,1,1,1,1,1,1,1,11,1,1,0,£0.50 ,,0,I get £0.55 if my partner also chooses Option B. But I will get £0.00 if I choose this option and my partner does not.,,0,0,0,1,1,1,1,1,1,1,1,1,9,3,3,0,3,4,5e9cc45854f95c07cb4f3020,42,Female,No,No
43990.54336,43990.54759,IP Address,100,365,TRUE,43990.5476,R_1pQp03qNYCf29mY,anonymous,EN,Yes,Yes,Yes,Yes,Yes,5e9cd82ac516bb0d35e8edd7,£0.50 ,,0,I might get £0.55 but I might also get £0.00.,,0,0,0,0,0,0,0,1,1,1,1,1,5,7,7,0,£0.50 ,,0,I get £0.55 if my partner also chooses Option B. But I will get £0.00 if I choose this option and my partner does not.,,0,0,0,0,0,1,0,1,1,1,1,1,6,5,6,1,5,4,5e9cd82ac516bb0d35e8edd7,25,Male,No,No
43990.55073,43990.55463,IP Address,100,336,TRUE,43990.55464,R_9WvQLf7bvfw5GDv,anonymous,EN,Yes,Yes,Yes,Yes,Yes,5e9d7b6857d5dd04011beca1,£0.50 ,,0,I might get £0.55 but I might also get £0.00.,,0,0,0,0,0,1,1,1,1,1,1,1,7,5,5,0,£0.50 ,,0,I get £0.55 if my partner also chooses Option B. But I will get £0.00 if I choose this option and my partner does not.,,0,0,1,1,1,1,1,1,1,1,1,1,10,2,2,0,4,1,5e9d7b6857d5dd04011beca1,37,Male,Yes,Yes
43990.85419,43990.85624,IP Address,100,177,TRUE,43990.85625,R_sjLLM56eQG7XxYd,anonymous,EN,Yes,Yes,Yes,Yes,Yes,5e9d98664ead3c077acc3d34,£0.50 ,,0,I might get £0.55 but I might also get £0.00.,,0,0,0,0,0,0,0,1,1,1,1,1,5,7,7,0,£0.50 ,,0,I get £0.55 if my partner also chooses Option B. But I will get £0.00 if I choose this option and my partner does not.,,0,0,0,0,1,1,1,1,1,1,1,1,8,4,4,0,5,1,5e9d98664ead3c077acc3d34,21,Male,Yes,Yes
43990.54589,43990.55181,IP Address,100,511,TRUE,43990.55182,R_28URWqzgVcwSdWR,anonymous,EN,Yes,Yes,Yes,Yes,Yes,5e9db6b85484b70db14166bd,£0.50 ,,0,I might get £0.55 but I might also get £0.00.,,0,0,0,0,0,0,0,0,0,1,1,1,3,9,9,0,£0.50 ,,0,I get £0.55 if my partner also chooses Option B. But I will get £0.00 if I choose this option and my partner does not.,,0,0,0,1,1,1,1,1,1,1,1,1,9,3,3,0,2,3,5e9db6b85484b70db14166bd,32,Female,No,No
43990.54353,43990.54652,IP Address,100,257,TRUE,43990.54652,R_21glunSJ5LkXUyW,anonymous,EN,Yes,Yes,Yes,Yes,Yes,5e9dc55b3df7f71001e254e2,£0.50 ,,0,I might get £0.55 but I might also get £0.00.,,0,0,0,0,0,0,1,1,1,1,0,1,5,6,7,1,£0.50 ,,0,I get £0.55 if my partner also chooses Option B. But I will get £0.00 if I choose this option and my partner does not.,,0,0,0,0,0,1,1,1,1,1,1,1,7,5,5,0,3,1,5e9dc55b3df7f71001e254e2,23,Male,No,Yes
43990.5474,43990.55039,IP Address,100,258,TRUE,43990.5504,R_2R485nnocqSdz8E,anonymous,EN,Yes,Yes,Yes,Yes,Yes,5e9dca41ae0ef0111e69bb25,£0.50 ,,0,I might get £0.55 but I might also get £0.00.,,0,0,0,0,0,1,1,1,1,1,1,1,7,5,5,0,£0.50 ,,0,I get £0.55 if my partner also chooses Option B. But I will get £0.00 if I choose this option and my partner does not.,,0,0,0,0,0,0,0,1,1,1,1,1,5,7,7,0,5,2,5e9dca41ae0ef0111e69bb25,26,Male,Yes,Yes
43990.54878,43990.55156,IP Address,100,239,TRUE,43990.55157,R_2Tt4VX6D4Z1ZcL4,anonymous,EN,Yes,Yes,Yes,Yes,Yes,5e9eaa8e3feed4275481c6bf,£0.50 ,,0,I might get £0.55 but I might also get £0.00.,,0,0,0,0,0,0,0,1,1,1,1,1,5,7,7,0,£0.50 ,,0,I get £0.55 if my partner also chooses Option B. But I will get £0.00 if I choose this option and my partner does not.,,0,0,0,0,0,1,1,1,1,1,1,1,7,5,5,0,5,1,5e9eaa8e3feed4275481c6bf,20,Male,Yes,Yes
43992.66759,43992.66986,IP Address,100,195,TRUE,43992.66987,R_27foKJsSSPTHdBQ,anonymous,EN,Yes,Yes,Yes,Yes,Yes,5e9f3deb12d01a0b806e57b7,£0.50 ,,0,I might get £0.55 but I might also get £0.00.,,0,0,0,0,0,0,0,1,1,1,1,1,5,7,7,0,£0.50 ,,0,I get £0.55 if my partner also chooses Option B. But I will get £0.00 if I choose this option and my partner does not.,,0,0,0,0,0,0,0,1,1,1,1,1,5,7,7,0,2,2,5e9f3deb12d01a0b806e57b7,27,Male,Yes,No
43990.69074,43990.69464,IP Address,100,336,TRUE,43990.69465,R_pbWI62EdEqSbRXb,anonymous,EN,Yes,Yes,Yes,Yes,Yes,5e9f54ff5db8e90ab3ac5694,£0.50 ,,0,I might get £0.55 but I might also get £0.00.,,0,0,0,0,0,0,0,0,0,1,0,1,2,9,10,1,£0.50 ,,0,I get £0.55 if my partner also chooses Option B. But I will get £0.00 if I choose this option and my partner does not.,,0,1,1,1,1,1,1,1,1,1,1,1,11,1,1,0,5,1,5e9f54ff5db8e90ab3ac5694,19,Male,Yes,Yes
43990.68469,43990.69154,IP Address,100,591,TRUE,43990.69154,R_1FhKxxHUQCO3Ke0,anonymous,EN,Yes,Yes,Yes,Yes,Yes,5ea015577dd57200089eb811,£0.50 ,,0,I might get £0.55 but I might also get £0.00.,,0,0,0,0,0,1,1,1,1,1,1,1,7,5,5,0,£0.50 ,,0,I get £0.55 if my partner also chooses Option B. But I will get £0.00 if I choose this option and my partner does not.,,0,0,0,0,0,0,0,0,0,1,1,1,3,9,9,0,3,2,5ea015577dd57200089eb811,73,Female,Yes,Yes
43990.55229,43990.55563,IP Address,100,287,TRUE,43990.55563,R_1cSwmpI3YqxHXN6,anonymous,EN,Yes,Yes,Yes,Yes,Yes,5ea03be9d8cdd90243e64faf,£0.50 ,,0,I might get £0.55 but I might also get £0.00.,,0,0,0,0,0,0,0,0,0,1,1,1,3,9,9,0,£0.50 ,,0,I get £0.55 if my partner also chooses Option B. But I will get £0.00 if I choose this option and my partner does not.,,0,0,0,0,0,0,0,1,1,1,1,1,5,7,7,0,4,1,5ea03be9d8cdd90243e64faf,31,Female,Yes,Yes
43990.55289,43990.55604,IP Address,100,272,TRUE,43990.55605,R_C2kxKivL85IJCrn,anonymous,EN,Yes,Yes,Yes,Yes,Yes,5ea04ff723a71e000c496917,£0.50 ,,0,I might get £0.55 but I might also get £0.00.,,0,0,0,0,0,0,0,0,0,0,0,0,0,0,12,0,£0.50 ,,0,I get £0.55 if my partner also chooses Option B. But I will get £0.00 if I choose this option and my partner does not.,,0,0,0,0,1,1,1,1,1,1,1,1,8,4,4,0,1,1,5ea04ff723a71e000c496917,29,Female,Yes,Yes
43990.54884,43990.55193,IP Address,100,267,TRUE,43990.55194,R_1QR1l5FJNbFGYIV,anonymous,EN,Yes,Yes,Yes,Yes,Yes,5ea052a7df17c20008dc9b9d,£0.50 ,,0,I might get £0.55 but I might also get £0.00.,,0,0,0,0,0,0,1,1,1,1,1,1,6,6,6,0,£0.50 ,,0,I get £0.55 if my partner also chooses Option B. But I will get £0.00 if I choose this option and my partner does not.,,0,0,0,0,0,0,0,0,0,1,1,1,3,9,9,0,3,4,5ea052a7df17c20008dc9b9d,18,Male,Yes,Yes
43990.54287,43990.54672,IP Address,100,333,TRUE,43990.54673,R_1ILg2lYOWz08Kkd,anonymous,EN,Yes,Yes,Yes,Yes,Yes,5ea05d6aad03390192441da5,£0.50 ,,0,I might get £0.55 but I might also get £0.00.,,0,0,0,0,0,0,0,0,1,1,1,1,4,8,8,0,£0.50 ,,0,I get £0.55 if my partner also chooses Option B. But I will get £0.00 if I choose this option and my partner does not.,,0,0,0,0,0,0,0,0,1,1,1,1,4,8,8,0,4,3,5ea05d6aad03390192441da5,34,Female,Yes,Yes
43991.52355,43991.52645,IP Address,100,249,TRUE,43991.52645,R_1LYyqlac8ptSHg2,anonymous,EN,Yes,Yes,Yes,Yes,Yes,5ea066a86b042202bb9f13e4,£1.00 ,£0.50 ,1,I might get £0.55 but I might also get £0.00.,,0,0,0,0,0,1,1,1,1,1,1,1,7,5,5,0,£0.50 ,,0,I get £0.55 if my partner also chooses Option B. But I will get £0.00 if I choose this option and my partner does not.,,0,0,0,0,0,0,0,0,0,1,1,5,7,9,9,0,4,3,5ea066a86b042202bb9f13e4,47,Female,Yes,Yes
43990.56147,43990.56451,IP Address,100,263,TRUE,43990.56452,R_3iXbsO6N42q1AfV,anonymous,EN,Yes,Yes,Yes,Yes,Yes,5ea0ab674e66b409a8bf6b2f,£0.50 ,,0,I might get £0.55 but I might also get £0.00.,,0,0,0,0,0,0,0,1,1,1,1,1,5,7,7,0,£0.50 ,,0,I get £0.55 if my partner also chooses Option B. But I will get £0.00 if I choose this option and my partner does not.,,0,0,0,0,1,1,1,1,1,1,1,1,8,4,4,0,4,2,5ea0ab674e66b409a8bf6b2f,25,Female,Yes,Yes
43990.54604,43990.54832,IP Address,100,197,TRUE,43990.54833,R_dcyJsaFIL5SeQaB,anonymous,EN,Yes,Yes,Yes,Yes,Yes,5ea15a1e71dbf516f581287e,£0.50 ,,0,I might get £0.55 but I might also get £0.00.,,0,0,0,0,1,1,1,1,1,1,1,1,8,4,4,0,£0.50 ,,0,I get £0.55 if my partner also chooses Option B. But I will get £0.00 if I choose this option and my partner does not.,,0,0,0,0,1,1,1,1,1,1,1,1,8,4,4,0,4,2,5ea15a1e71dbf516f581287e,21,Female,Yes,Yes
43990.55569,43990.55833,IP Address,100,227,TRUE,43990.55834,R_BJsZRHGgFLtNO01,anonymous,EN,Yes,Yes,Yes,Yes,Yes,5ea1a41da749e105b029bd38,£0.50 ,,0,I might get £0.55 but I might also get £0.00.,,0,1,1,1,1,1,1,1,1,1,1,1,11,1,1,0,£0.50 ,,0,I get £0.55 if my partner also chooses Option B. But I will get £0.00 if I choose this option and my partner does not.,,0,0,0,0,0,1,1,1,1,1,1,1,7,5,5,0,4,1,5ea1a41da749e105b029bd38,26,Female,Yes,Yes
43990.55635,43990.56003,IP Address,100,318,TRUE,43990.56006,R_2v6WoEEdBXCRKRp,anonymous,EN,Yes,Yes,Yes,Yes,Yes,5ea1fc567bc395105718d501,£0.50 ,,0,I might get £0.55 but I might also get £0.00.,,0,0,0,0,0,0,0,0,0,1,1,1,3,9,9,0,£0.50 ,,0,I get £0.55 if my partner also chooses Option B. But I will get £0.00 if I choose this option and my partner does not.,,0,0,0,1,1,1,1,1,1,1,1,1,9,3,3,0,5,1,5ea1fc567bc395105718d501,26,Female,Yes,Yes
43990.84986,43990.8519,IP Address,100,175,TRUE,43990.85191,R_1DXSTFnwaDXdUUc,anonymous,EN,Yes,Yes,Yes,Yes,Yes,5ea2ce406026101f3de6c9db,£0.50 ,,0,I might get £0.55 but I might also get £0.00.,,0,0,0,0,0,1,1,1,1,1,1,1,7,5,5,0,£0.50 ,,0,I get £0.55 if my partner also chooses Option B. But I will get £0.00 if I choose this option and my partner does not.,,0,0,0,0,0,1,1,1,1,1,1,1,7,5,5,0,1,2,5ea2ce406026101f3de6c9db,21,Male,Yes,Yes
43990.56481,43990.56715,IP Address,100,202,TRUE,43990.56717,R_1r0NygssM6gWePN,anonymous,EN,Yes,Yes,Yes,Yes,Yes,5ea2f93038f2190785be19ed,£0.50 ,,0,I might get £0.55 but I might also get £0.00.,,0,0,0,0,0,0,0,0,0,1,1,1,3,9,9,0,£0.50 ,,0,I get £0.55 if my partner also chooses Option B. But I will get £0.00 if I choose this option and my partner does not.,,0,0,0,0,0,0,0,0,0,0,0,0,0,0,12,0,4,5,5ea2f93038f2190785be19ed,20,Female,Yes,Yes
43990.6669,43990.66991,IP Address,100,259,TRUE,43990.66992,R_2BbLQjPv7jZbQ1U,anonymous,EN,Yes,Yes,Yes,Yes,Yes,5ea2fce89e1b65071f8a8072,£0.50 ,,0,I might get £0.55 but I might also get £0.00.,,0,0,0,0,1,0,1,1,1,1,1,1,7,4,5,1,£0.50 ,,0,I get £0.55 if my partner also chooses Option B. But I will get £0.00 if I choose this option and my partner does not.,,0,0,0,1,1,1,1,1,1,1,1,1,9,3,3,0,3,3,5ea2fce89e1b65071f8a8072,20,Male,Yes,Yes
43990.59155,43990.59497,IP Address,100,295,TRUE,43990.59498,R_3k6RY1aKSOBPEDx,anonymous,EN,Yes,Yes,Yes,Yes,Yes,5ea306f390d52b2471c649c3,£0.50 ,,0,I might get £0.55 but I might also get £0.00.,,0,0,0,0,0,0,0,0,0,0,0,0,0,0,12,0,£0.50 ,,0,I get £0.55 if my partner also chooses Option B. But I will get £0.00 if I choose this option and my partner does not.,,0,0,1,1,1,1,1,1,1,1,1,1,10,2,2,0,4,1,5ea306f390d52b2471c649c3,19,Female,No,No
43990.57424,43990.57865,IP Address,100,381,TRUE,43990.57866,R_1Nhr39xPmAhZ2ge,anonymous,EN,Yes,Yes,Yes,Yes,Yes,5ea325fa9ad11e28bf91e673,£0.50 ,,0,I might get £0.55 but I might also get £0.00.,,0,0,0,0,0,0,0,0,0,1,1,1,3,9,9,0,£0.50 ,,0,I get £0.55 if my partner also chooses Option B. But I will get £0.00 if I choose this option and my partner does not.,,0,0,0,0,0,0,0,0,0,0,1,1,2,10,10,0,5,1,5ea325fa9ad11e28bf91e673,19,Female,Yes,Yes
43990.85424,43990.85612,IP Address,100,162,TRUE,43990.85613,R_zYekJKCiNGE4LXb,anonymous,EN,Yes,Yes,Yes,Yes,Yes,5ea34f0a32a8c7116361d01d,£0.50 ,,0,I might get £0.55 but I might also get £0.00.,,0,0,1,1,1,1,1,1,1,1,1,1,10,2,2,0,£0.50 ,,0,I get £0.55 if my partner also chooses Option B. But I will get £0.00 if I choose this option and my partner does not.,,0,0,0,0,0,0,0,0,0,1,1,1,3,9,9,0,2,4,5ea34f0a32a8c7116361d01d,19,Male,Yes,Yes
43990.544,43990.54582,IP Address,100,157,TRUE,43990.54583,R_1PZPzjl6lJywPHZ,anonymous,EN,Yes,Yes,Yes,Yes,Yes,5ea370f544b3ab172bb8d8e2,£0.50 ,,0,I might get £0.55 but I might also get £0.00.,,0,0,0,0,0,0,0,0,0,1,0,1,2,9,10,1,£0.50 ,,0,I get £0.55 if my partner also chooses Option B. But I will get £0.00 if I choose this option and my partner does not.,,0,0,0,0,0,0,0,0,0,1,1,0,2,9,10,1,3,1,5ea370f544b3ab172bb8d8e2,18,Male,Yes,Yes
43992.02581,43992.02936,IP Address,100,307,TRUE,43992.02938,R_4PGwvWPsncSqN3z,anonymous,EN,Yes,Yes,Yes,Yes,Yes,5ea40e9113b2903a1e7c2de2,£0.50 ,,0,I might get £0.55 but I might also get £0.00.,,0,0,0,0,0,0,0,0,0,0,0,0,0,0,12,0,£0.50 ,,0,I get £0.55 if my partner also chooses Option B. But I will get £0.00 if I choose this option and my partner does not.,,0,0,0,0,0,0,0,0,1,1,1,1,4,8,8,0,4,3,5ea40e9113b2903a1e7c2de2,28,Male,No,No
43990.54382,43990.54644,IP Address,100,225,TRUE,43990.54645,R_2OI070f99RMUjy9,anonymous,EN,Yes,Yes,Yes,Yes,Yes,5ea42163ba2bb33c2191a18f,£0.50 ,,0,I might get £0.55 but I might also get £0.00.,,0,0,0,0,0,1,1,1,1,1,1,1,7,5,5,0,£0.50 ,,0,I get £0.55 if my partner also chooses Option B. But I will get £0.00 if I choose this option and my partner does not.,,0,0,0,0,0,1,1,1,1,1,1,1,7,5,5,0,4,1,5ea42163ba2bb33c2191a18f,27,Female,No,No
43990.66495,43990.66825,IP Address,100,284,TRUE,43990.66826,R_82CgmNXR2JMfl97,anonymous,EN,Yes,Yes,Yes,Yes,Yes,5ea4322893435d3e0e760b15,£0.50 ,,0,I might get £0.55 but I might also get £0.00.,,0,0,0,0,0,0,0,0,0,0,0,0,0,0,12,0,£0.50 ,,0,I get £0.55 if my partner also chooses Option B. But I will get £0.00 if I choose this option and my partner does not.,,0,1,1,1,1,1,1,1,1,1,1,1,11,1,1,0,5,2,5ea4322893435d3e0e760b15,29,Male,Yes,Yes
43990.67547,43990.67975,IP Address,100,368,TRUE,43990.67977,R_OxsI457lKg9EPCx,anonymous,EN,Yes,Yes,Yes,Yes,Yes,5ea46d0022a58c2aa0962bbd,£0.50 ,,0,I might get £0.55 but I might also get £0.00.,,0,0,0,0,0,0,1,1,1,1,1,1,6,6,6,0,£0.50 ,,0,I get £0.55 if my partner also chooses Option B. But I will get £0.00 if I choose this option and my partner does not.,,0,0,1,1,1,1,1,1,1,1,1,1,10,2,2,0,3,2,5ea46d0022a58c2aa0962bbd,49,Female,Yes,Yes
43990.54552,43990.54816,IP Address,100,227,TRUE,43990.54816,R_1hF0UedBuOWHv0H,anonymous,EN,Yes,Yes,Yes,Yes,Yes,5ea483b72e133e04610019d5,£0.50 ,,0,I might get £0.55 but I might also get £0.00.,,0,0,0,0,0,0,0,1,1,1,1,1,5,7,7,0,£0.50 ,,0,I get £0.55 if my partner also chooses Option B. But I will get £0.00 if I choose this option and my partner does not.,,0,0,0,0,0,0,0,0,1,1,1,1,4,8,8,0,5,1,5ea483b72e133e04610019d5,38,Male,Yes,Yes
43990.61278,43990.61493,IP Address,100,186,TRUE,43990.61496,R_1erQPntpCiHKzFk,anonymous,EN,Yes,Yes,Yes,Yes,Yes,5ea4c76dfe333e48f7e6d768,£0.50 ,,0,I might get £0.55 but I might also get £0.00.,,0,0,0,0,0,0,0,0,0,1,1,1,3,9,9,0,£0.50 ,,0,I get £0.55 if my partner also chooses Option B. But I will get £0.00 if I choose this option and my partner does not.,,0,0,1,1,1,1,1,1,1,1,1,1,10,2,2,0,2,4,5ea4c76dfe333e48f7e6d768,20,Male,Yes,Yes
43990.66333,43990.66685,IP Address,100,304,TRUE,43990.66686,R_Q9UHAzUCVfdYwvv,anonymous,EN,Yes,Yes,Yes,Yes,Yes,5ea578af6c3ed85543310fc7,£0.50 ,,0,I might get £0.55 but I might also get £0.00.,,0,0,0,0,0,1,1,1,1,1,1,1,7,5,5,0,£0.50 ,,0,I get £0.55 if my partner also chooses Option B. But I will get £0.00 if I choose this option and my partner does not.,,0,0,0,0,0,0,0,1,1,1,1,1,5,7,7,0,5,4,5ea578af6c3ed85543310fc7,18,Male,Yes,Yes
43990.54731,43990.55028,IP Address,100,255,TRUE,43990.55028,R_2awANelawf9GpHC,anonymous,EN,Yes,Yes,Yes,Yes,Yes,5ea5a4547a3de900087e42b3,£0.50 ,,0,I might get £0.55 but I might also get £0.00.,,0,0,0,0,0,0,0,1,1,1,1,1,5,7,7,0,£0.50 ,,0,I get £0.55 if my partner also chooses Option B. But I will get £0.00 if I choose this option and my partner does not.,,0,1,1,1,1,1,1,1,1,1,1,1,11,1,1,0,4,1,5ea5a4547a3de900087e42b3,35,Female,Yes,Yes
43990.54729,43990.55534,IP Address,100,694,TRUE,43990.55534,R_3DnK0aHEJTDDlHL,anonymous,EN,Yes,Yes,Yes,Yes,Yes,5ea6fe932180430ac9d0d953,£0.50 ,,0,I might get £0.55 but I might also get £0.00.,,0,0,0,0,0,1,1,1,1,1,1,1,7,5,5,0,£0.50 ,,0,I get £0.55 if my partner also chooses Option B. But I will get £0.00 if I choose this option and my partner does not.,,0,0,0,0,1,1,1,1,1,1,1,1,8,4,4,0,5,1,5ea6fe932180430ac9d0d953,21,Female,No,No
43990.54867,43990.55093,IP Address,100,194,TRUE,43990.55093,R_2zkIirW5lubmmwH,anonymous,EN,Yes,Yes,Yes,Yes,Yes,5ea710104920c70c69a4acb0,£0.50 ,,0,I might get £0.55 but I might also get £0.00.,,0,0,0,0,0,0,0,0,0,0,0,0,0,0,12,0,£0.50 ,,0,I get £0.55 if my partner also chooses Option B. But I will get £0.00 if I choose this option and my partner does not.,,0,0,0,0,1,1,1,1,1,1,1,1,8,4,4,0,5,1,5ea710104920c70c69a4acb0,19,Male,No,Yes
43990.54374,43990.55013,IP Address,100,551,TRUE,43990.55013,R_eXyHsEFQx9dLS4F,anonymous,EN,Yes,Yes,Yes,Yes,Yes,5ea805058fdbfd01219eced4,£0.50 ,,0,I might get £0.55 but I might also get £0.00.,,0,0,0,0,0,0,0,1,0,1,1,1,4,7,8,1,£0.50 ,,0,I get £0.55 if my partner also chooses Option B. But I will get £0.00 if I choose this option and my partner does not.,,0,0,1,1,1,1,1,1,1,1,1,1,10,2,2,0,5,2,5ea805058fdbfd01219eced4,18,Male,Yes,Yes
43990.84311,43990.8455,IP Address,100,206,TRUE,43990.84551,R_1pVYPhvJB7hGy6j,anonymous,EN,Yes,Yes,Yes,Yes,Yes,5ea82674eb536422badf752a,£0.50 ,,0,I might get £0.55 but I might also get £0.00.,,0,0,0,0,0,0,0,0,0,1,1,1,3,9,9,0,£0.50 ,,0,I get £0.55 if my partner also chooses Option B. But I will get £0.00 if I choose this option and my partner does not.,,0,0,0,0,1,1,1,1,1,1,1,1,8,4,4,0,3,4,5ea82674eb536422badf752a,23,Female,Yes,Yes
43990.6627,43990.67233,IP Address,100,831,TRUE,43990.67233,R_2pRUFRFh5gybiFP,anonymous,EN,Yes,Yes,Yes,Yes,Yes,5ea82a61169b44060dcc3ff5,£0.50 ,,0,I might get £0.55 but I might also get £0.00.,,0,0,0,0,0,0,0,0,0,0,0,0,0,0,12,0,£0.50 ,,0,I get £0.55 if my partner also chooses Option B. But I will get £0.00 if I choose this option and my partner does not.,,0,0,0,0,0,0,0,0,0,0,0,1,1,11,11,0,4,5,5ea82a61169b44060dcc3ff5,18,Male,Yes,Yes
43990.5491,43990.55383,IP Address,100,408,TRUE,43990.55383,R_yV04VV5hDjaIUil,anonymous,EN,Yes,Yes,Yes,Yes,Yes,5ea8302624b24c06c7e25903,£0.50 ,,0,I might get £0.55 but I might also get £0.00.,,0,0,0,0,0,1,1,1,1,1,1,1,7,5,5,0,£0.50 ,,0,I get £0.55 if my partner also chooses Option B. But I will get £0.00 if I choose this option and my partner does not.,,0,0,0,0,0,0,0,1,1,1,1,1,5,7,7,0,5,1,5ea8302624b24c06c7e25903,28,Female,No,No
43990.54493,43990.54889,IP Address,100,341,TRUE,43990.54905,R_PZZWAu0obkMzvUZ,anonymous,EN,Yes,Yes,Yes,Yes,Yes,5ea8703c0f16162b0b6968ed,£0.50 ,,0,I might get £0.55 but I might also get £0.00.,,0,0,0,0,0,0,0,0,1,1,1,1,4,8,8,0,£0.50 ,,0,I get £0.55 if my partner also chooses Option B. But I will get £0.00 if I choose this option and my partner does not.,,0,0,0,0,0,0,1,1,1,1,1,1,6,6,6,0,3,2,5ea8703c0f16162b0b6968ed,21,Male,Yes,Yes
43990.58367,43990.59145,IP Address,100,671,TRUE,43990.59145,R_rrNPi7yNtzFpMat,anonymous,EN,Yes,Yes,Yes,Yes,Yes,5ea8d41ff599003395a128e9,£0.50 ,,0,I might get £0.55 but I might also get £0.00.,,0,0,0,0,0,0,0,0,0,0,0,0,0,0,12,0,£0.50 ,,0,I get £0.55 if my partner also chooses Option B. But I will get £0.00 if I choose this option and my partner does not.,,0,0,1,1,1,1,1,1,1,1,1,1,10,2,2,0,5,4,5ea8d41ff599003395a128e9,22,Male,Yes,Yes
43990.54331,43990.54654,IP Address,100,278,TRUE,43990.54654,R_XA4dH25mAH3LLdT,anonymous,EN,Yes,Yes,Yes,Yes,Yes,5ea936e503a71a000af12d7b,£0.50 ,,0,I might get £0.55 but I might also get £0.00.,,0,0,0,0,0,0,0,0,0,1,1,1,3,9,9,0,£0.50 ,,0,I get £0.55 if my partner also chooses Option B. But I will get £0.00 if I choose this option and my partner does not.,,0,0,0,0,0,0,0,0,0,1,1,1,3,9,9,0,4,4,5ea936e503a71a000af12d7b,22,Male,Yes,Yes
43990.76307,43990.76666,IP Address,100,309,TRUE,43990.76666,R_Brcg5WUFbAguNsl,anonymous,EN,Yes,Yes,Yes,Yes,Yes,5ea94e29a63ec9012dde2c49,£0.50 ,,0,I might get £0.55 but I might also get £0.00.,,0,0,0,0,0,0,0,0,0,1,0,0,1,9,11,1,£0.50 ,,0,I get £0.55 if my partner also chooses Option B. But I will get £0.00 if I choose this option and my partner does not.,,0,0,0,0,0,0,0,1,1,1,1,1,5,7,7,0,4,1,5ea94e29a63ec9012dde2c49,26,Male,Yes,Yes
43990.54977,43990.5528,IP Address,100,262,TRUE,43990.55281,R_bvaGca5RsBorHWN,anonymous,EN,Yes,Yes,Yes,Yes,Yes,5ea950d3a22c1e022844d26f,£0.50 ,,0,I might get £0.55 but I might also get £0.00.,,0,0,0,0,0,0,0,1,1,1,1,1,5,7,7,0,£0.50 ,,0,I get £0.55 if my partner also chooses Option B. But I will get £0.00 if I choose this option and my partner does not.,,0,0,0,0,0,0,0,0,0,0,0,0,0,0,12,0,2,4,5ea950d3a22c1e022844d26f,21,Male,Yes,Yes
43990.63228,43990.6348,IP Address,100,218,TRUE,43990.63481,R_Wdk2BabcPM5CXvz,anonymous,EN,Yes,Yes,Yes,Yes,Yes,5ea958f254982b0450cb7454,£0.50 ,,0,I might get £0.55 but I might also get £0.00.,,0,0,0,0,0,1,1,1,1,1,1,1,7,5,5,0,£0.50 ,,0,I get £0.55 if my partner also chooses Option B. But I will get £0.00 if I choose this option and my partner does not.,,0,0,0,0,0,0,0,0,0,1,1,1,3,9,9,0,4,4,5ea958f254982b0450cb7454,19,Male,Yes,Yes
43990.58627,43990.58892,IP Address,100,228,TRUE,43990.58893,R_bJZt91JxBN3afUB,anonymous,EN,Yes,Yes,Yes,Yes,Yes,5ea95e25ff3ae30521f75a11,£0.50 ,,0,I might get £0.55 but I might also get £0.00.,,0,0,0,0,0,1,1,1,1,1,1,1,7,5,5,0,£0.50 ,,0,I get £0.55 if my partner also chooses Option B. But I will get £0.00 if I choose this option and my partner does not.,,0,0,0,1,1,1,1,1,1,1,1,1,9,3,3,0,5,2,5ea95e25ff3ae30521f75a11,22,Male,Yes,Yes
43990.54454,43990.59019,IP Address,100,3943,TRUE,43990.59019,R_2dAChET666tMrqF,anonymous,EN,Yes,Yes,Yes,Yes,Yes,5ea962dcd016d6044045117c,£0.50 ,,0,I might get £0.55 but I might also get £0.00.,,0,0,1,1,1,1,1,1,1,1,1,1,10,2,2,0,£0.50 ,,0,I get £0.55 if my partner also chooses Option B. But I will get £0.00 if I choose this option and my partner does not.,,0,1,1,1,1,1,1,1,1,1,1,1,11,1,1,0,4,1,5ea962dcd016d6044045117c,26,Male,Yes,No
43990.78559,43990.78913,IP Address,100,305,TRUE,43990.78914,R_3g7aAC08A1Nt9km,anonymous,EN,Yes,Yes,Yes,Yes,Yes,5ea9655b8c8ec80576d7ea17,£0.50 ,,0,I might get £0.55 but I might also get £0.00.,,0,0,0,0,0,0,0,0,0,0,0,0,0,0,12,0,£0.50 ,,0,I get £0.55 if my partner also chooses Option B. But I will get £0.00 if I choose this option and my partner does not.,,0,0,1,1,1,1,1,1,1,1,1,1,10,2,2,0,4,4,5ea9655b8c8ec80576d7ea17,18,Male,Yes,Yes
43990.548,43990.55282,IP Address,100,417,TRUE,43990.55284,R_sSi1JLxrIOD2PoR,anonymous,EN,Yes,Yes,Yes,Yes,Yes,5ea96c9646eecc05fcc3e051,£0.50 ,,0,I might get £0.55 but I might also get £0.00.,,0,0,0,0,0,0,0,0,0,0,0,1,1,11,11,0,£0.50 ,,0,I get £0.55 if my partner also chooses Option B. But I will get £0.00 if I choose this option and my partner does not.,,0,0,0,0,0,0,0,0,0,0,0,0,0,0,12,0,4,2,5ea96c9646eecc05fcc3e051,24,Male,Yes,Yes
43990.55237,43990.55525,IP Address,100,248,TRUE,43990.55526,R_2QFKlSuAkiIB9Vz,anonymous,EN,Yes,Yes,Yes,Yes,Yes,5ea970205902df05e4ae56e8,£0.50 ,,0,I might get £0.55 but I might also get £0.00.,,0,0,0,0,0,0,0,0,0,0,1,0,1,10,11,1,£0.50 ,,0,I get £0.55 if my partner also chooses Option B. But I will get £0.00 if I choose this option and my partner does not.,,0,0,0,0,0,0,0,1,1,1,1,1,5,7,7,0,4,1,5ea970205902df05e4ae56e8,26,Male,Yes,Yes
43990.60534,43990.60854,IP Address,100,276,TRUE,43990.60855,R_Q5u9ujyZsXnnyRX,anonymous,EN,Yes,Yes,Yes,Yes,Yes,5ea975686b63e007d6c7d3b4,£0.50 ,,0,I might get £0.55 but I might also get £0.00.,,0,0,0,0,0,0,0,0,1,1,1,1,4,8,8,0,£0.50 ,,0,I get £0.55 if my partner also chooses Option B. But I will get £0.00 if I choose this option and my partner does not.,,0,0,0,0,1,1,1,1,1,1,1,1,8,4,4,0,5,5,5ea975686b63e007d6c7d3b4,27,Male,No,Yes
43990.54867,43990.55176,IP Address,100,266,TRUE,43990.55177,R_33rjkjBroJwvsMP,anonymous,EN,Yes,Yes,Yes,Yes,Yes,5ea9789c7b184c0834e678b9,£0.50 ,,0,I might get £0.55 but I might also get £0.00.,,0,0,0,0,0,0,0,0,0,1,1,1,3,9,9,0,£0.50 ,,0,I get £0.55 if my partner also chooses Option B. But I will get £0.00 if I choose this option and my partner does not.,,0,0,0,0,0,1,1,1,1,1,1,1,7,5,5,0,4,2,5ea9789c7b184c0834e678b9,23,Male,Yes,Yes
43990.67242,43990.67853,IP Address,100,527,TRUE,43990.67854,R_3QrOXmWODnywA3D,anonymous,EN,Yes,Yes,Yes,Yes,Yes,5ea98684cca7db09ff123df5,£0.50 ,,0,I might get £0.55 but I might also get £0.00.,,0,0,0,0,0,0,0,0,0,1,1,1,3,9,9,0,£0.50 ,,0,I get £0.55 if my partner also chooses Option B. But I will get £0.00 if I choose this option and my partner does not.,,0,0,0,1,1,1,1,1,1,1,1,1,9,3,3,0,5,2,5ea98684cca7db09ff123df5,27,Female,No,Yes
43991.42869,43991.43249,IP Address,100,328,TRUE,43991.4325,R_1mgZmHtQPo5Dj0E,anonymous,EN,Yes,Yes,Yes,Yes,Yes,5ea98786997e1e09ed7d1d61,£0.50 ,,0,I might get £0.55 but I might also get £0.00.,,0,0,0,0,1,0,0,1,1,1,1,1,6,4,6,1,£0.50 ,,0,I get £0.55 if my partner also chooses Option B. But I will get £0.00 if I choose this option and my partner does not.,,0,0,0,1,1,1,1,1,1,1,1,1,9,3,3,0,4,3,5ea98786997e1e09ed7d1d61,19,Male,Yes,Yes
43990.66603,43990.66836,IP Address,100,201,TRUE,43990.66837,R_yqhz9HAriBkDk2Z,anonymous,EN,Yes,Yes,Yes,Yes,Yes,5ea98b20a6d37d0a4fa069fa,£0.50 ,,0,I might get £0.55 but I might also get £0.00.,,0,0,0,0,0,0,0,0,0,0,0,0,0,0,12,0,£0.50 ,,0,I get £0.55 if my partner also chooses Option B. But I will get £0.00 if I choose this option and my partner does not.,,0,0,1,1,1,1,1,1,1,1,1,1,10,2,2,0,4,1,5ea98b20a6d37d0a4fa069fa,19,Female,Yes,Yes
43990.556,43990.5595,IP Address,100,302,TRUE,43990.55951,R_1mIUdDDadEUTJwi,anonymous,EN,Yes,Yes,Yes,Yes,Yes,5ea99e9bf1d0c60cc31ef364,£0.50 ,,0,I might get £0.55 but I might also get £0.00.,,0,0,0,0,0,0,0,1,1,1,1,1,5,7,7,0,£0.50 ,,0,I get £0.55 if my partner also chooses Option B. But I will get £0.00 if I choose this option and my partner does not.,,0,0,0,0,0,0,0,0,0,1,1,1,3,9,9,0,4,1,5ea99e9bf1d0c60cc31ef364,28,Female,Yes,No
43990.66875,43990.67292,IP Address,100,360,TRUE,43990.67292,R_2AHJ85rjckrM3bA,anonymous,EN,Yes,Yes,Yes,Yes,Yes,5ea9b4ac331fef0fc4da8ed7,£0.50 ,,0,I might get £0.55 but I might also get £0.00.,,0,0,0,0,1,1,1,1,1,1,1,1,8,4,4,0,£0.50 ,,0,I get £0.55 if my partner also chooses Option B. But I will get £0.00 if I choose this option and my partner does not.,,0,1,1,1,1,1,1,1,1,1,1,1,11,1,1,0,5,2,5ea9b4ac331fef0fc4da8ed7,33,Male,Yes,Yes
43990.54694,43990.55102,IP Address,100,351,TRUE,43990.55103,R_0GJTWx8fbes4YyB,anonymous,EN,Yes,Yes,Yes,Yes,Yes,5ea9c1f55ce96d106af147a7,£0.50 ,,0,I might get £0.55 but I might also get £0.00.,,0,0,0,0,0,1,1,1,1,1,1,1,7,5,5,0,£0.50 ,,0,I get £0.55 if my partner also chooses Option B. But I will get £0.00 if I choose this option and my partner does not.,,0,0,0,0,0,0,0,0,0,0,0,1,1,11,11,0,1,1,5ea9c1f55ce96d106af147a7,20,Male,Yes,Yes
43990.63575,43990.63738,IP Address,100,141,TRUE,43990.6374,R_3stSvw5WO5Wpr1z,anonymous,EN,Yes,Yes,Yes,Yes,Yes,5ea9cd6e2c8147111f40e353,£0.50 ,,0,I might get £0.55 but I might also get £0.00.,,0,0,0,0,0,0,0,0,0,1,1,1,3,9,9,0,£0.50 ,,0,I get £0.55 if my partner also chooses Option B. But I will get £0.00 if I choose this option and my partner does not.,,0,0,0,0,0,1,1,1,1,1,1,1,7,5,5,0,5,5,5ea9cd6e2c8147111f40e353,28,Female,Yes,Yes
43990.54841,43990.5522,IP Address,100,327,TRUE,43990.55221,R_3WPyHPQOm6ENINH,anonymous,EN,Yes,Yes,Yes,Yes,Yes,5eaa8c7e5a4373000b6e81ad,£0.50 ,,0,I might get £0.55 but I might also get £0.00.,,0,0,0,0,0,0,0,0,0,1,1,1,3,9,9,0,£0.50 ,,0,I get £0.55 if my partner also chooses Option B. But I will get £0.00 if I choose this option and my partner does not.,,0,1,1,1,1,1,1,1,1,1,1,1,11,1,1,0,5,3,5eaa8c7e5a4373000b6e81ad,19,Male,Yes,Yes
43990.54884,43990.55123,IP Address,100,206,TRUE,43990.55124,R_2YrMv7WbkTWI49S,anonymous,EN,Yes,Yes,Yes,Yes,Yes,5eaa997e2a0e3a02ba7bcbe0,£0.50 ,,0,I might get £0.55 but I might also get £0.00.,,0,0,0,0,0,0,0,1,1,1,1,1,5,7,7,0,£0.50 ,,0,I get £0.55 if my partner also chooses Option B. But I will get £0.00 if I choose this option and my partner does not.,,0,0,1,1,1,1,1,1,1,1,1,1,10,2,2,0,4,1,5eaa997e2a0e3a02ba7bcbe0,26,Male,Yes,Yes
43990.54367,43990.54535,IP Address,100,145,TRUE,43990.54536,R_2wpHB58Csd10jQ8,anonymous,EN,Yes,Yes,Yes,Yes,Yes,5eaabfbb35234c02953c5aca,£0.50 ,,0,I might get £0.55 but I might also get £0.00.,,0,0,0,0,0,0,0,0,0,0,0,0,0,0,12,0,£0.50 ,,0,I get £0.55 if my partner also chooses Option B. But I will get £0.00 if I choose this option and my partner does not.,,0,0,0,0,0,0,0,0,0,0,0,0,0,0,12,0,1,3,5eaabfbb35234c02953c5aca,20,Male,Yes,Yes
43990.57021,43990.57314,IP Address,100,253,TRUE,43990.57315,R_2V4Kpz1ny3NcQ16,anonymous,EN,Yes,Yes,Yes,Yes,Yes,5eaad108d6ef0703cfd68939,£0.50 ,,0,I might get £0.55 but I might also get £0.00.,,0,0,0,0,0,0,0,0,0,1,1,1,3,9,9,0,£0.50 ,,0,I get £0.55 if my partner also chooses Option B. But I will get £0.00 if I choose this option and my partner does not.,,0,0,0,0,0,0,0,1,1,1,1,1,5,7,7,0,4,1,5eaad108d6ef0703cfd68939,25,Female,Yes,Yes
43990.54484,43990.54851,IP Address,100,317,TRUE,43990.54851,R_1jInDnDt7bCj6hb,anonymous,EN,Yes,Yes,Yes,Yes,Yes,5eaaf05dbd191d0749118365,£0.50 ,,0,£0.25 ,I might get £0.55 but I might also get £0.20.,2,0,1,1,1,1,0,1,1,0,0,0,6,2,6,1,£0.50 ,,0,I get £0.55 if my partner also chooses Option B. But I will get £0.20 if I choose this option and my partner does not.,I get £0.55 if my partner also chooses Option B. But I will get £0.20 if I choose this option and my partner does not.,2,1,0,0,0,0,0,0,0,1,1,1,4,1,8,1,4,2,5eaaf05dbd191d0749118365,29,Male,Yes,Yes
43990.66248,43990.66443,IP Address,100,168,TRUE,43990.66444,R_XCeY22pAWGFu8H7,anonymous,EN,Yes,Yes,Yes,Yes,Yes,5eaaf7be1aed4d07bde4a499,£0.50 ,,0,I might get £0.55 but I might also get £0.00.,,0,1,1,1,1,1,1,1,1,1,1,1,11,1,1,0,£0.50 ,,0,I get £0.55 if my partner also chooses Option B. But I will get £0.00 if I choose this option and my partner does not.,,0,1,1,1,1,1,1,1,1,1,1,1,11,1,1,0,1,1,5eaaf7be1aed4d07bde4a499,21,Male,Yes,No
43990.563,43990.56611,IP Address,100,269,TRUE,43990.56612,R_2V7llwvoMN79Bn5,anonymous,EN,Yes,Yes,Yes,Yes,Yes,5eab13273043c60c7a298527,£0.50 ,,0,I might get £0.55 but I might also get £0.00.,,0,1,1,1,1,1,1,1,1,1,1,1,11,1,1,0,£0.50 ,,0,I get £0.55 if my partner also chooses Option B. But I will get £0.00 if I choose this option and my partner does not.,,0,0,1,1,1,1,0,0,0,1,1,1,7,2,5,1,5,4,5eab13273043c60c7a298527,24,Female,Yes,No
43990.55985,43990.56271,IP Address,100,246,TRUE,43990.56271,R_2QsL2LUwkronoS4,anonymous,EN,Yes,Yes,Yes,Yes,Yes,5eabe139d6ef071c9bf3a4d4,£0.50 ,,0,I might get £0.55 but I might also get £0.00.,,0,0,0,1,0,1,0,0,1,0,1,1,5,3,7,1,£0.50 ,,0,I get £0.55 if my partner also chooses Option B. But I will get £0.00 if I choose this option and my partner does not.,,0,0,0,0,0,0,0,0,0,0,0,0,0,0,12,0,3,1,5eabe139d6ef071c9bf3a4d4,21,Female,Yes,No
43990.56113,43990.56789,IP Address,100,583,TRUE,43990.5679,R_2TmHnWgn6m5w7Ep,anonymous,EN,Yes,Yes,Yes,Yes,Yes,5eabf42cdcb6170008b06667,£0.50 ,,0,I might get £0.55 but I might also get £0.00.,,0,1,1,1,1,1,1,1,1,1,1,1,11,1,1,0,£0.50 ,,0,I get £0.55 if my partner also chooses Option B. But I will get £0.00 if I choose this option and my partner does not.,,0,0,0,0,0,0,0,0,0,0,0,0,0,0,12,0,2,3,5eabf42cdcb6170008b06667,26,Male,Yes,Yes
43990.59718,43990.60201,IP Address,100,417,TRUE,43990.60202,R_1g7q19qpUP1X6no,anonymous,EN,Yes,Yes,Yes,Yes,Yes,5eac16121aa756036b67bc5d,£0.50 ,,0,I might get £0.55 but I might also get £0.00.,,0,0,0,0,0,0,0,0,0,1,1,1,3,9,9,0,£0.50 ,,0,I get £0.55 if my partner also chooses Option B. But I will get £0.00 if I choose this option and my partner does not.,,0,0,0,0,0,0,0,0,0,0,0,0,0,0,12,0,1,3,5eac16121aa756036b67bc5d,20,Female,Yes,Yes
43990.5525,43990.555,IP Address,100,216,TRUE,43990.55501,R_3rOMg6j7LrV32LT,anonymous,EN,Yes,Yes,Yes,Yes,Yes,5eac2b38e66aa2074015989b,£0.50 ,,0,I might get £0.55 but I might also get £0.00.,,0,0,0,0,1,0,1,1,1,1,1,1,7,4,5,1,£0.50 ,,0,I get £0.55 if my partner also chooses Option B. But I will get £0.00 if I choose this option and my partner does not.,,0,0,1,1,1,1,1,1,1,1,1,1,10,2,2,0,3,1,5eac2b38e66aa2074015989b,32,Male,Yes,Yes
43990.56734,43990.5706,IP Address,100,282,TRUE,43990.57061,R_TpcolAgzCsUx41H,anonymous,EN,Yes,Yes,Yes,Yes,Yes,5eac5204383d582910d878de,£0.50 ,,0,I might get £0.55 but I might also get £0.00.,,0,0,0,0,0,0,0,0,0,0,0,0,0,0,12,0,£0.50 ,,0,I get £0.55 if my partner also chooses Option B. But I will get £0.00 if I choose this option and my partner does not.,,0,0,0,1,1,1,1,1,1,1,1,1,9,3,3,0,3,4,5eac5204383d582910d878de,28,Male,Yes,Yes
43990.5463,43990.54936,IP Address,100,265,TRUE,43990.54937,R_24oC3UQFPqGWQty,anonymous,EN,Yes,Yes,Yes,Yes,Yes,5eac53e43726f50c5d2f69b0,£0.50 ,,0,I might get £0.55 but I might also get £0.00.,,0,0,0,0,0,0,0,0,0,1,0,1,2,9,10,1,£0.50 ,,0,I get £0.55 if my partner also chooses Option B. But I will get £0.00 if I choose this option and my partner does not.,,0,0,0,0,0,0,0,0,0,1,1,1,3,9,9,0,4,2,5eac53e43726f50c5d2f69b0,35,Male,Yes,Yes
43990.56513,43990.56883,IP Address,100,320,TRUE,43990.56884,R_9Swr9e7m0F01Oo1,anonymous,EN,Yes,Yes,Yes,Yes,Yes,5eacce286481b734b08f6390,£0.50 ,,0,I might get £0.55 but I might also get £0.00.,,0,0,1,1,1,1,1,1,1,1,1,1,10,2,2,0,£0.50 ,,0,I get £0.55 if my partner also chooses Option B. But I will get £0.00 if I choose this option and my partner does not.,,0,0,0,0,0,0,0,0,0,0,0,0,0,0,12,0,3,2,5eacce286481b734b08f6390,26,Male,Yes,Yes
43990.54314,43990.54564,IP Address,100,216,TRUE,43990.54566,R_2aQcL7HwcRpZ2Gg,anonymous,EN,Yes,Yes,Yes,Yes,Yes,5ead2bc64413663b0c8e5628,£0.50 ,,0,I might get £0.55 but I might also get £0.00.,,0,0,0,0,0,0,0,0,0,0,0,0,0,0,12,0,£0.50 ,,0,I get £0.55 if my partner also chooses Option B. But I will get £0.00 if I choose this option and my partner does not.,,0,0,0,0,0,0,0,0,0,0,0,0,0,0,12,0,5,1,5ead2bc64413663b0c8e5628,23,Male,Yes,Yes
43990.57793,43990.58117,IP Address,100,280,TRUE,43990.58118,R_3prGAlSXKuACwZW,anonymous,EN,Yes,Yes,Yes,Yes,Yes,5ead316dcde8073bb07e81e7,£0.50 ,,0,I might get £0.55 but I might also get £0.00.,,0,0,0,0,1,0,1,1,0,1,0,1,5,4,7,1,£0.50 ,,0,I get £0.55 if my partner also chooses Option B. But I will get £0.00 if I choose this option and my partner does not.,,0,0,0,1,1,1,1,1,1,1,1,1,9,3,3,0,2,1,5ead316dcde8073bb07e81e7,18,Male,Yes,Yes
43990.54733,43990.55096,IP Address,100,314,TRUE,43990.55097,R_3pn9PeAzG7iOutl,anonymous,EN,Yes,Yes,Yes,Yes,Yes,5ead9a633f746206ca11ebd3,£0.50 ,,0,I might get £0.55 but I might also get £0.00.,,0,1,1,1,1,1,1,1,1,1,1,1,11,1,1,0,£0.50 ,,0,I get £0.55 if my partner also chooses Option B. But I will get £0.00 if I choose this option and my partner does not.,,0,0,0,0,0,0,0,0,1,1,1,1,4,8,8,0,1,1,5ead9a633f746206ca11ebd3,20,Male,Yes,No
43990.54851,43990.55076,IP Address,100,195,TRUE,43990.55078,R_25Z8IaAMiC7hFEL,anonymous,EN,Yes,Yes,Yes,Yes,Yes,5eada38722d640067ef3160a,£0.50 ,,0,I might get £0.55 but I might also get £0.00.,,0,0,0,0,0,0,0,1,1,1,1,1,5,7,7,0,£0.50 ,,0,I get £0.55 if my partner also chooses Option B. But I will get £0.00 if I choose this option and my partner does not.,,0,0,0,0,0,1,1,1,1,1,1,1,7,5,5,0,4,3,5eada38722d640067ef3160a,20,Male,Yes,Yes
43990.54911,43990.55115,IP Address,100,175,TRUE,43990.55115,R_3EogOhUWvYeAOX8,anonymous,EN,Yes,Yes,Yes,Yes,Yes,5eaea8068dc79856f600310d,£0.50 ,,0,I might get £0.55 but I might also get £0.00.,,0,0,0,0,1,0,0,1,1,1,1,1,6,4,6,1,£0.50 ,,0,I get £0.55 if my partner also chooses Option B. But I will get £0.00 if I choose this option and my partner does not.,,0,0,0,0,1,1,1,1,1,1,1,1,8,4,4,0,5,2,5eaea8068dc79856f600310d,18,Male,Yes,Yes
43990.54662,43990.54931,IP Address,100,232,TRUE,43990.54931,R_1GTQCn3FECDl4VE,anonymous,EN,Yes,Yes,Yes,Yes,Yes,5eaeb8ccea726058c6eb9a16,£0.50 ,,0,I might get £0.55 but I might also get £0.00.,,0,0,0,0,0,0,1,1,1,1,1,1,6,6,6,0,£0.50 ,,0,I get £0.55 if my partner also chooses Option B. But I will get £0.00 if I choose this option and my partner does not.,,0,0,0,0,0,1,1,1,1,1,1,1,7,5,5,0,3,2,5eaeb8ccea726058c6eb9a16,19,Male,Yes,Yes
43990.66892,43990.67531,IP Address,100,552,TRUE,43990.67532,R_3DcprXz8iVJPUEY,anonymous,EN,Yes,Yes,Yes,Yes,Yes,5eaeb9cf6528b158dd4a4760,£0.50 ,,0,I might get £0.55 but I might also get £0.00.,,0,0,1,1,1,1,0,1,1,0,0,0,6,2,6,1,£0.50 ,,0,I get £0.55 if my partner also chooses Option B. But I will get £0.00 if I choose this option and my partner does not.,,0,1,1,1,1,1,1,1,1,1,1,1,11,1,1,0,4,5,5eaeb9cf6528b158dd4a4760,21,Female,Yes,No
43990.73545,43990.7388,IP Address,100,288,TRUE,43990.7388,R_ZpBn8spVhxAVX1L,anonymous,EN,Yes,Yes,Yes,Yes,Yes,5eaee1fd7af2520426d8b9bd,£0.50 ,,0,I might get £0.55 but I might also get £0.00.,,0,0,0,0,1,1,1,1,1,1,1,1,8,4,4,0,£0.50 ,,0,I get £0.55 if my partner also chooses Option B. But I will get £0.00 if I choose this option and my partner does not.,,0,0,0,0,0,0,0,1,1,1,1,1,5,7,7,0,4,1,5eaee1fd7af2520426d8b9bd,18,Male,No,No
43990.66167,43990.6656,IP Address,100,340,TRUE,43990.66561,R_1gdW6IOVzdofYmC,anonymous,EN,Yes,Yes,Yes,Yes,Yes,5eaef8702b68455d6e130595,£0.50 ,,0,I might get £0.55 but I might also get £0.00.,,0,0,0,0,0,0,1,1,1,1,1,1,6,6,6,0,£0.50 ,,0,I get £0.55 if my partner also chooses Option B. But I will get £0.00 if I choose this option and my partner does not.,,0,0,0,0,0,0,0,0,0,0,0,0,0,0,12,0,3,1,5eaef8702b68455d6e130595,19,Male,Yes,Yes
43990.54242,43990.54502,IP Address,100,225,TRUE,43990.54503,R_1Nqfi8ig9Y3Ap6E,anonymous,EN,Yes,Yes,Yes,Yes,Yes,5eaf04f637368405b4e73f16,£0.50 ,,0,I might get £0.55 but I might also get £0.00.,,0,0,0,0,0,0,0,0,1,1,1,1,4,8,8,0,£0.50 ,,0,I get £0.55 if my partner also chooses Option B. But I will get £0.00 if I choose this option and my partner does not.,,0,0,0,0,0,0,0,1,1,1,1,1,5,7,7,0,4,3,5eaf04f637368405b4e73f16,24,Female,Yes,Yes
43990.56395,43990.56713,IP Address,100,274,TRUE,43990.56714,R_1jNCG5r0SJbopav,anonymous,EN,Yes,Yes,Yes,Yes,Yes,5eaf1ea7fb863f60c6dcd13a,£0.50 ,,0,I might get £0.55 but I might also get £0.00.,,0,1,1,1,1,1,1,1,1,1,1,1,11,1,1,0,£0.50 ,,0,I get £0.55 if my partner also chooses Option B. But I will get £0.00 if I choose this option and my partner does not.,,0,0,0,0,0,1,0,1,0,0,0,0,2,5,10,1,5,1,5eaf1ea7fb863f60c6dcd13a,19,Female,Yes,Yes
43991.03262,43991.03483,IP Address,100,191,TRUE,43991.03484,R_vMqUoE67JDCZY4N,anonymous,EN,Yes,Yes,Yes,Yes,Yes,5eaf3e142627076426921b1b,£0.50 ,,0,I might get £0.55 but I might also get £0.00.,,0,0,0,0,0,0,0,1,1,1,1,1,5,7,7,0,£0.50 ,,0,I get £0.55 if my partner also chooses Option B. But I will get £0.00 if I choose this option and my partner does not.,,0,0,1,1,1,1,1,1,1,1,1,1,10,2,2,0,5,5,5eaf3e142627076426921b1b,19,Male,No,Yes
43990.55073,43990.55422,IP Address,100,302,TRUE,43990.55423,R_1PRgdhN6kznx4BB,anonymous,EN,Yes,Yes,Yes,Yes,Yes,5eaf6859f98609689fc362af,£0.50 ,,0,I might get £0.55 but I might also get £0.00.,,0,0,0,0,0,0,0,0,0,1,1,1,3,9,9,0,£0.50 ,,0,I get £0.55 if my partner also chooses Option B. But I will get £0.00 if I choose this option and my partner does not.,,0,0,0,0,0,0,0,0,0,0,0,1,1,11,11,0,2,1,5eaf6859f98609689fc362af,18,Female,Yes,No
43990.54328,43990.54645,IP Address,100,273,TRUE,43990.54646,R_1dEq7286OXnAwrs,anonymous,EN,Yes,Yes,Yes,Yes,Yes,5eaf8e7ddf23cb6a3364b478,£0.50 ,,0,I might get £0.55 but I might also get £0.00.,,0,0,0,1,1,1,1,1,1,1,1,1,9,3,3,0,£0.50 ,,0,I get £0.55 if my partner also chooses Option B. But I will get £0.00 if I choose this option and my partner does not.,,0,0,0,1,1,1,1,1,1,1,1,1,9,3,3,0,4,2,5eaf8e7ddf23cb6a3364b478,21,Male,No,No
43990.54532,43990.55102,IP Address,100,491,TRUE,43990.55103,R_cDaE74z7Te25MKl,anonymous,EN,Yes,Yes,Yes,Yes,Yes,5eafef786e883d0233b2270a,£0.50 ,,0,I might get £0.55 but I might also get £0.00.,,0,0,0,0,0,0,0,0,0,0,0,0,0,0,12,0,£0.50 ,,0,I get £0.55 if my partner also chooses Option B. But I will get £0.00 if I choose this option and my partner does not.,,0,0,0,0,0,1,1,1,1,1,1,1,7,5,5,0,4,3,5eafef786e883d0233b2270a,46,Female,Yes,Yes
43990.54218,43990.54447,IP Address,100,197,TRUE,43990.54447,R_1giqMpHm5j50GHq,anonymous,EN,Yes,Yes,Yes,Yes,Yes,5eb013cdca6cfd04fb0d1058,£0.50 ,,0,I might get £0.55 but I might also get £0.00.,,0,1,1,1,1,1,1,1,1,1,1,1,11,1,1,0,£0.50 ,,0,I get £0.55 if my partner also chooses Option B. But I will get £0.00 if I choose this option and my partner does not.,,0,1,1,1,1,1,1,1,1,1,1,1,11,1,1,0,2,1,5eb013cdca6cfd04fb0d1058,20,Male,Yes,Yes
43990.54795,43990.55144,IP Address,100,300,TRUE,43990.55144,R_2ccqG5uB5Puy844,anonymous,EN,Yes,Yes,Yes,Yes,Yes,5eb0205cac7ad4085dc32a50,£0.50 ,,0,I might get £0.55 but I might also get £0.00.,,0,0,1,1,1,1,1,1,1,1,1,1,10,2,2,0,£0.50 ,,0,I get £0.55 if my partner also chooses Option B. But I will get £0.00 if I choose this option and my partner does not.,,0,0,1,1,1,1,1,1,1,1,1,1,10,2,2,0,4,1,5eb0205cac7ad4085dc32a50,24,Male,Yes,Yes
43990.54859,43990.55706,IP Address,100,732,TRUE,43990.55707,R_O3HeiQ3y0XCyWU9,anonymous,EN,Yes,Yes,Yes,Yes,Yes,5eb048e1744ab30da2590b09,£0.50 ,,0,I might get £0.55 but I might also get £0.00.,,0,1,1,1,1,1,1,1,1,1,1,1,11,1,1,0,£0.50 ,,0,I get £0.55 if my partner also chooses Option B. But I will get £0.00 if I choose this option and my partner does not.,,0,0,0,0,0,0,1,1,1,1,1,1,6,6,6,0,4,1,5eb048e1744ab30da2590b09,30,Female,No,No
43990.66656,43990.67152,IP Address,100,428,TRUE,43990.67152,R_SABIgFsdjFg5n8J,anonymous,EN,Yes,Yes,Yes,Yes,Yes,5eb08fdf1851f8144854b8db,£0.50 ,,0,I might get £0.55 but I might also get £0.00.,,0,0,0,0,0,1,1,1,1,1,1,1,7,5,5,0,£0.50 ,,0,I get £0.55 if my partner also chooses Option B. But I will get £0.00 if I choose this option and my partner does not.,,0,0,0,0,0,1,4,1,1,1,1,1,10,5,5,0,3,1,5eb08fdf1851f8144854b8db,23,Female,No,No
43991.21292,43991.21545,IP Address,100,219,TRUE,43991.21546,R_7VCSUA621N97paF,anonymous,EN,Yes,Yes,Yes,Yes,Yes,5eb10a2c238adf1d343fd23f,£0.50 ,,0,I might get £0.55 but I might also get £0.00.,,0,0,1,1,1,1,1,1,1,1,1,1,10,2,2,0,£0.50 ,,0,I get £0.55 if my partner also chooses Option B. But I will get £0.00 if I choose this option and my partner does not.,,0,0,0,0,0,0,0,0,1,1,1,1,4,8,8,0,2,1,5eb10a2c238adf1d343fd23f,41,Male,Yes,No
43990.54811,43990.55024,IP Address,100,183,TRUE,43990.55025,R_1HcLBeius3AeImO,anonymous,EN,Yes,Yes,Yes,Yes,Yes,5eb11bea8fb5a51eb2e73ecc,£0.50 ,,0,I might get £0.55 but I might also get £0.00.,,0,1,1,1,1,1,1,1,1,1,1,1,11,1,1,0,£0.50 ,,0,I get £0.55 if my partner also chooses Option B. But I will get £0.00 if I choose this option and my partner does not.,,0,0,0,0,0,0,0,0,1,1,1,1,4,8,8,0,2,2,5eb11bea8fb5a51eb2e73ecc,20,Female,Yes,Yes
43990.57295,43990.57735,IP Address,100,380,TRUE,43990.57736,R_31iabnP6TWei6YS,anonymous,EN,Yes,Yes,Yes,Yes,Yes,5eb122d32c1e631f02c98b5c,£0.50 ,,0,I might get £0.55 but I might also get £0.00.,,0,0,0,0,0,1,1,1,1,1,1,1,7,5,5,0,£0.50 ,,0,I get £0.55 if my partner also chooses Option B. But I will get £0.00 if I choose this option and my partner does not.,,0,0,1,1,1,1,1,1,1,1,1,1,10,2,2,0,4,3,5eb122d32c1e631f02c98b5c,30,Female,No,No
43990.54255,43990.54604,IP Address,100,302,TRUE,43990.54606,R_ZK2HkNyO8ld8eSR,anonymous,EN,Yes,Yes,Yes,Yes,Yes,5eb168a3c03c29253f361441,£0.50 ,,0,I might get £0.55 but I might also get £0.00.,,0,0,0,0,0,1,1,1,1,1,1,1,7,5,5,0,£0.50 ,,0,I get £0.55 if my partner also chooses Option B. But I will get £0.00 if I choose this option and my partner does not.,,0,0,0,0,0,0,1,1,1,1,1,1,6,6,6,0,5,2,5eb168a3c03c29253f361441,24,Male,Yes,Yes
43990.79476,43990.80104,IP Address,100,543,TRUE,43990.80106,R_8jNH2hxBKld6MUx,anonymous,EN,Yes,Yes,Yes,Yes,Yes,5eb1affbb95d612e04e2ecc3,£0.50 ,,0,I might get £0.55 but I might also get £0.00.,,0,0,0,0,0,0,0,0,0,0,0,0,0,0,12,0,£0.50 ,,0,I get £0.55 if my partner also chooses Option B. But I will get £0.00 if I choose this option and my partner does not.,,0,0,0,0,1,1,1,1,1,1,1,1,8,4,4,0,1,1,5eb1affbb95d612e04e2ecc3,21,Female,Yes,Yes
43990.69159,43990.696,IP Address,100,381,TRUE,43990.69601,R_26bVLqz7UoVVu4E,anonymous,EN,Yes,Yes,Yes,Yes,Yes,5eb1bdccd053043024345309,£0.50 ,,0,I might get £0.55 but I might also get £0.00.,,0,1,1,1,1,1,1,1,1,1,1,1,11,1,1,0,£0.50 ,,0,I get £0.55 if my partner also chooses Option B. But I will get £0.00 if I choose this option and my partner does not.,,0,1,1,1,1,1,1,1,1,1,1,1,11,1,1,0,4,3,5eb1bdccd053043024345309,39,Male,Yes,Yes
43990.74372,43990.7465,IP Address,100,240,TRUE,43990.74651,R_31pjolNI9k0IsGu,anonymous,EN,Yes,Yes,Yes,Yes,Yes,5eb1f9b4acf4dd35bc1f52c1,£0.50 ,,0,I might get £0.55 but I might also get £0.00.,,0,1,1,1,1,1,1,1,1,1,1,1,11,1,1,0,£0.50 ,,0,I get £0.55 if my partner also chooses Option B. But I will get £0.00 if I choose this option and my partner does not.,,0,0,0,0,0,1,1,1,1,1,1,1,7,5,5,0,3,5,5eb1f9b4acf4dd35bc1f52c1,23,Male,Yes,No
43990.62826,43990.63043,IP Address,100,186,TRUE,43990.63044,R_3I6T6jRUwZFZv2i,anonymous,EN,Yes,Yes,Yes,Yes,Yes,5eb2745111c5fb1d6e9c7eeb,£0.50 ,,0,I might get £0.55 but I might also get £0.00.,,0,0,0,0,1,0,0,1,1,1,1,1,6,4,6,1,£0.50 ,,0,I get £0.55 if my partner also chooses Option B. But I will get £0.00 if I choose this option and my partner does not.,,0,0,0,0,0,1,1,1,1,1,1,1,7,5,5,0,5,4,5eb2745111c5fb1d6e9c7eeb,20,Female,Yes,No
43990.66284,43990.66531,IP Address,100,213,TRUE,43990.66532,R_2TtLmQwy9110a5x,anonymous,EN,Yes,Yes,Yes,Yes,Yes,5eb2bc2f7a289b046ca5cd06,£0.50 ,,0,I might get £0.55 but I might also get £0.00.,,0,0,0,0,0,0,0,0,0,0,0,0,0,0,12,0,£0.50 ,,0,I get £0.55 if my partner also chooses Option B. But I will get £0.00 if I choose this option and my partner does not.,,0,0,0,0,0,0,0,0,1,1,1,1,4,8,8,0,5,3,5eb2bc2f7a289b046ca5cd06,19,Male,Yes,No
43990.57823,43990.58149,IP Address,100,281,TRUE,43990.58151,R_3M9gSFYshcVFNr6,anonymous,EN,Yes,Yes,Yes,Yes,Yes,5eb3bd3da1bb0f1a85adb601,£0.50 ,,0,I might get £0.55 but I might also get £0.00.,,0,0,0,0,0,0,0,1,1,1,1,1,5,7,7,0,£0.50 ,,0,I get £0.55 if my partner also chooses Option B. But I will get £0.00 if I choose this option and my partner does not.,,0,0,0,0,0,1,1,1,1,1,1,1,7,5,5,0,5,2,5eb3bd3da1bb0f1a85adb601,19,Male,No,No
43990.7623,43990.7653,IP Address,100,258,TRUE,43990.76531,R_R37a01Hl1AtcRZD,anonymous,EN,Yes,Yes,Yes,Yes,Yes,5eb3cf727af9ce1b755e4e80,£0.50 ,,0,I might get £0.55 but I might also get £0.00.,,0,0,1,1,1,1,1,1,1,1,1,1,10,2,2,0,£0.50 ,,0,I get £0.55 if my partner also chooses Option B. But I will get £0.00 if I choose this option and my partner does not.,,0,0,0,0,0,1,1,1,1,1,1,1,7,5,5,0,1,4,5eb3cf727af9ce1b755e4e80,24,Male,No,No
43990.54763,43990.55049,IP Address,100,247,TRUE,43990.5505,R_303834VD67MldMN,anonymous,EN,Yes,Yes,Yes,Yes,Yes,5eb40fb9e8373821b19f995a,£0.50 ,,0,I might get £0.55 but I might also get £0.00.,,0,0,1,1,1,1,1,1,1,1,1,1,10,2,2,0,£0.50 ,,0,I get £0.55 if my partner also chooses Option B. But I will get £0.00 if I choose this option and my partner does not.,,0,0,0,0,0,0,0,0,0,0,0,0,0,0,12,0,5,1,5eb40fb9e8373821b19f995a,19,Male,Yes,Yes
43990.54402,43990.54663,IP Address,100,226,TRUE,43990.54664,R_4THDMDqPSllk5Cp,anonymous,EN,Yes,Yes,Yes,Yes,Yes,5eb44cdf73246729025dff9a,£0.50 ,,0,I might get £0.55 but I might also get £0.00.,,0,0,0,0,0,0,0,0,0,0,0,0,0,0,12,0,£0.50 ,,0,I get £0.55 if my partner also chooses Option B. But I will get £0.00 if I choose this option and my partner does not.,,0,0,0,0,0,0,0,0,0,0,0,0,0,0,12,0,3,2,5eb44cdf73246729025dff9a,19,Male,Yes,Yes
43990.54428,43990.54787,IP Address,100,309,TRUE,43990.54787,R_3KUvp0pCXSb5AG8,anonymous,EN,Yes,Yes,Yes,Yes,Yes,5eb498dbde6c8d30477f12c7,£0.50 ,,0,I might get £0.55 but I might also get £0.00.,,0,0,0,0,0,0,0,0,0,1,1,1,3,9,9,0,£0.50 ,,0,I get £0.55 if my partner also chooses Option B. But I will get £0.00 if I choose this option and my partner does not.,,0,0,0,0,0,0,0,0,1,1,1,1,4,8,8,0,3,1,5eb498dbde6c8d30477f12c7,21,Female,No,Yes
43990.66978,43990.67329,IP Address,100,302,TRUE,43990.67329,R_32Q1YOTeOROY6P4,anonymous,EN,Yes,Yes,Yes,Yes,Yes,5eb4caf87d21343455841f55,£0.50 ,,0,I might get £0.55 but I might also get £0.00.,,0,0,0,0,0,0,0,0,0,0,0,1,1,11,11,0,£0.50 ,,0,I get £0.55 if my partner also chooses Option B. But I will get £0.00 if I choose this option and my partner does not.,,0,0,0,1,1,1,1,1,1,1,1,1,9,3,3,0,5,1,5eb4caf87d21343455841f55,35,Male,Yes,Yes
43990.54226,43990.54818,IP Address,100,512,TRUE,43990.5482,R_2Svn3WbtCdA6pCH,anonymous,EN,Yes,Yes,Yes,Yes,Yes,5eb55b287c968c3edf2be99d,£0.50 ,,0,I might get £0.55 but I might also get £0.00.,,0,0,0,0,0,0,1,1,1,1,1,1,6,6,6,0,£0.50 ,,0,I get £0.55 if my partner also chooses Option B. But I will get £0.00 if I choose this option and my partner does not.,,0,0,0,0,0,0,0,1,1,1,1,1,5,7,7,0,2,5,5eb55b287c968c3edf2be99d,18,Female,Yes,Yes
43990.54831,43990.55368,IP Address,100,464,TRUE,43990.55369,R_Z7ZU7nM9JvNVQit,anonymous,EN,Yes,Yes,Yes,Yes,Yes,5eb59815e1720545accfc4a7,£0.50 ,,0,I might get £0.55 but I might also get £0.00.,,0,0,0,0,0,0,0,1,1,1,1,1,5,7,7,0,£0.50 ,,0,I get £0.55 if my partner also chooses Option B. But I will get £0.00 if I choose this option and my partner does not.,,0,1,1,1,1,1,1,1,1,1,1,1,11,1,1,0,4,2,5eb59815e1720545accfc4a7,25,Male,Yes,Yes
43990.5789,43990.58043,IP Address,100,132,TRUE,43990.58044,R_3gX9lwgxHIk74Rq,anonymous,EN,Yes,Yes,Yes,Yes,Yes,5eb5bb28c2c3c94a208d4f45,£0.50 ,,0,I might get £0.55 but I might also get £0.00.,,0,0,0,0,0,1,1,1,1,1,1,1,7,5,5,0,£0.50 ,,0,I get £0.55 if my partner also chooses Option B. But I will get £0.00 if I choose this option and my partner does not.,,0,0,0,0,1,1,1,1,1,1,1,1,8,4,4,0,2,1,5eb5bb28c2c3c94a208d4f45,22,Female,Yes,Yes
43990.57282,43990.5749,IP Address,100,178,TRUE,43990.5749,R_2akukukEwEQOqmO,anonymous,EN,Yes,Yes,Yes,Yes,Yes,5eb5c39a3c8a5b4ac2f06827,£0.50 ,,0,I might get £0.55 but I might also get £0.00.,,0,0,0,0,0,0,0,0,0,0,0,0,0,0,12,0,£0.50 ,,0,I get £0.55 if my partner also chooses Option B. But I will get £0.00 if I choose this option and my partner does not.,,0,0,0,0,0,0,0,0,0,1,1,1,3,9,9,0,5,1,5eb5c39a3c8a5b4ac2f06827,24,Male,Yes,Yes
43990.56786,43990.74404,IP Address,100,15222,TRUE,43990.74405,R_2DREfSE20EGk7Tf,anonymous,EN,Yes,Yes,Yes,Yes,Yes,5eb74409c4ce0c6745131991,£0.50 ,,0,I might get £0.55 but I might also get £0.00.,,0,0,0,0,1,1,1,1,1,1,1,1,8,4,4,0,£0.50 ,,0,I get £0.55 if my partner also chooses Option B. But I will get £0.00 if I choose this option and my partner does not.,,0,0,0,0,0,0,0,1,1,1,1,1,5,7,7,0,4,1,5eb74409c4ce0c6745131991,23,Male,Yes,Yes
43990.5651,43990.56896,IP Address,100,333,TRUE,43990.56897,R_1KiP1wE3ezzJZlb,anonymous,EN,Yes,Yes,Yes,Yes,Yes,5eb808652d0c3773cc2577e9,£0.50 ,,0,I might get £0.55 but I might also get £0.00.,,0,0,0,0,0,1,1,1,1,1,1,1,7,5,5,0,£0.50 ,,0,I get £0.55 if my partner also chooses Option B. But I will get £0.00 if I choose this option and my partner does not.,,0,0,0,0,0,1,1,1,1,1,1,1,7,5,5,0,4,1,5eb808652d0c3773cc2577e9,25,Female,No,No
43990.54875,43990.55368,IP Address,100,426,TRUE,43990.55369,R_2sPqcNggiVBH5oR,anonymous,EN,Yes,Yes,Yes,Yes,Yes,5eb8630fb9a7c17ac8c7d14b,£0.50 ,,0,I might get £0.55 but I might also get £0.00.,,0,0,0,0,0,0,0,1,1,1,1,1,5,7,7,0,£0.50 ,,0,I get £0.55 if my partner also chooses Option B. But I will get £0.00 if I choose this option and my partner does not.,,0,0,0,0,1,1,1,1,1,1,1,1,8,4,4,0,1,3,5eb8630fb9a7c17ac8c7d14b,24,Male,Yes,Yes
43990.66024,43990.66219,IP Address,100,167,TRUE,43990.66219,R_z82eEJWjKkv0abL,anonymous,EN,Yes,Yes,Yes,Yes,Yes,5eb87974bcf28a0a19760424,£0.50 ,,0,£0.25 ,£0.25 ,1,0,0,0,1,1,0,1,0,0,1,0,4,4,8,1,£0.25 ,£0.50 ,1,£0.75 ,£0.75 ,2,0,0,0,0,1,1,1,1,1,1,1,7,5,5,0,4,4,5eb87974bcf28a0a19760424,30,Male,Yes,Yes
43990.54442,43990.54641,IP Address,100,171,TRUE,43990.54642,R_1opuOpYjI6lc9eA,anonymous,EN,Yes,Yes,Yes,Yes,Yes,5eb91f8870b77c000c8322da,£0.50 ,,0,I might get £0.55 but I might also get £0.00.,,0,0,0,0,0,0,0,0,0,0,0,1,1,11,11,0,£0.50 ,,0,I get £0.55 if my partner also chooses Option B. But I will get £0.00 if I choose this option and my partner does not.,,0,0,0,0,0,0,0,0,0,0,0,1,1,11,11,0,3,1,5eb91f8870b77c000c8322da,40,Male,Yes,Yes
43990.54602,43990.54946,IP Address,100,296,TRUE,43990.54947,R_1DNm8nuZhqLFtHJ,anonymous,EN,Yes,Yes,Yes,Yes,Yes,5eb94413a6de9c000af1f187,£0.50 ,,0,I might get £0.55 but I might also get £0.00.,,0,0,0,0,0,1,1,0,1,1,1,1,6,5,6,1,£0.50 ,,0,I get £0.55 if my partner also chooses Option B. But I will get £0.00 if I choose this option and my partner does not.,,0,1,1,1,1,1,1,1,1,1,1,1,11,1,1,0,2,1,5eb94413a6de9c000af1f187,22,Male,Yes,Yes
43990.54686,43990.55027,IP Address,100,294,TRUE,43990.55027,R_29t3DVUde3b2FhN,anonymous,EN,Yes,Yes,Yes,Yes,Yes,5eb9c778d06cf60ef8ed5a7b,£0.50 ,,0,I might get £0.55 but I might also get £0.00.,,0,0,0,0,0,0,0,1,1,1,1,1,5,7,7,0,£0.50 ,,0,I get £0.55 if my partner also chooses Option B. But I will get £0.00 if I choose this option and my partner does not.,,0,0,1,1,1,1,1,1,1,1,1,1,10,2,2,0,4,2,5eb9c778d06cf60ef8ed5a7b,22,Male,Yes,Yes
43991.41653,43991.41872,IP Address,100,188,TRUE,43991.41872,R_290VYsPG7GSysXJ,anonymous,EN,Yes,Yes,Yes,Yes,Yes,5eba6f5e10e3631baf94461b,£0.50 ,,0,I might get £0.55 but I might also get £0.20.,I might get £0.55 but I might also get £0.00.,1,0,0,0,0,0,0,0,1,1,1,1,4,8,8,0,£0.50 ,,0,I get £0.55 if my partner also chooses Option B. But I will get £0.00 if I choose this option and my partner does not.,,0,0,0,0,0,0,0,0,0,0,0,0,0,0,12,0,4,4,5eba6f5e10e3631baf94461b,21,Male,No,No
43990.58204,43990.58443,IP Address,100,207,TRUE,43990.58444,R_3h0KaOUIL9jvEXe,anonymous,EN,Yes,Yes,Yes,Yes,Yes,5eba904a7aced21f0cd61d35,£0.50 ,,0,I might get £0.55 but I might also get £0.00.,,0,0,0,0,0,0,0,0,1,1,1,1,4,8,8,0,£0.50 ,,0,I get £0.55 if my partner also chooses Option B. But I will get £0.00 if I choose this option and my partner does not.,,0,0,1,1,1,1,1,1,1,1,1,1,10,2,2,0,1,1,5eba904a7aced21f0cd61d35,18,Non-binary,Yes,Yes
43990.54677,43990.55477,IP Address,100,690,TRUE,43990.55477,R_1kIJFyPIQ79wmwV,anonymous,EN,Yes,Yes,Yes,Yes,Yes,5eba96031603721f71e18e14,£0.50 ,,0,I might get £0.55 but I might also get £0.00.,,0,0,0,0,0,0,0,0,0,0,0,0,0,0,12,0,£0.50 ,,0,I get £0.55 if my partner also chooses Option B. But I will get £0.00 if I choose this option and my partner does not.,,0,0,0,0,0,0,0,1,1,1,1,1,5,7,7,0,2,1,5eba96031603721f71e18e14,19,Female,Yes,Yes
43990.5464,43990.54957,IP Address,100,274,TRUE,43990.54958,R_27VC0UZFxxhgP4m,anonymous,EN,Yes,Yes,Yes,Yes,Yes,5eba9627e5f83f20225bedb1,£0.50 ,,0,I might get £0.55 but I might also get £0.00.,,0,0,0,0,0,0,0,0,0,0,0,1,1,11,11,0,£0.50 ,,0,I get £0.55 if my partner also chooses Option B. But I will get £0.00 if I choose this option and my partner does not.,,0,0,0,0,0,0,0,0,0,0,0,0,0,0,12,0,4,5,5eba9627e5f83f20225bedb1,30,Male,Yes,Yes
43990.54844,43990.55053,IP Address,100,181,TRUE,43990.55055,R_2aYbBqGed5JMNXk,anonymous,EN,Yes,Yes,Yes,Yes,Yes,5eba98ceb89aff210c709192,£0.50 ,,0,I might get £0.55 but I might also get £0.00.,,0,0,0,0,0,0,0,0,0,0,0,1,1,11,11,0,£0.50 ,,0,I get £0.55 if my partner also chooses Option B. But I will get £0.00 if I choose this option and my partner does not.,,0,0,0,1,1,1,1,1,1,1,1,1,9,3,3,0,4,2,5eba98ceb89aff210c709192,18,Male,Yes,Yes
43990.54846,43990.55102,IP Address,100,221,TRUE,43990.55103,R_2VvInjFF0PMN3bv,anonymous,EN,Yes,Yes,Yes,Yes,Yes,5ebabd40d9ef2902351e4445,£0.50 ,,0,I might get £0.55 but I might also get £0.00.,,0,0,0,0,0,0,0,0,0,1,1,1,3,9,9,0,£0.50 ,,0,I get £0.55 if my partner also chooses Option B. But I will get £0.00 if I choose this option and my partner does not.,,0,0,0,1,1,1,1,1,1,1,1,1,9,3,3,0,3,1,5ebabd40d9ef2902351e4445,19,Male,Yes,Yes
43990.96376,43990.96683,IP Address,100,265,TRUE,43990.96684,R_2YPsra5a0t8f7NY,anonymous,EN,Yes,Yes,Yes,Yes,Yes,5ebac1226bda45030875a0e3,£0.50 ,,0,I might get £0.55 but I might also get £0.00.,,0,0,0,0,0,0,0,0,0,1,1,1,3,9,9,0,£0.50 ,,0,I get £0.55 if my partner also chooses Option B. But I will get £0.00 if I choose this option and my partner does not.,,0,0,0,0,0,0,0,1,1,1,1,1,5,7,7,0,3,2,5ebac1226bda45030875a0e3,21,Male,Yes,Yes
43990.54846,43990.55272,IP Address,100,368,TRUE,43990.55273,R_ZxFRFfCqkGy9r5T,anonymous,EN,Yes,Yes,Yes,Yes,Yes,5ebac544044e0903d35f8821,£0.50 ,,0,I might get £0.55 but I might also get £0.00.,,0,0,0,0,1,0,1,1,0,1,0,1,5,4,7,1,£0.50 ,,0,I get £0.55 if my partner also chooses Option B. But I will get £0.00 if I choose this option and my partner does not.,,0,0,0,0,0,0,0,1,1,1,1,1,5,7,7,0,5,1,5ebac544044e0903d35f8821,28,Male,Yes,Yes
43990.66674,43990.66944,IP Address,100,233,TRUE,43990.66945,R_3R9JgtFtK7N5aNk,anonymous,EN,Yes,Yes,Yes,Yes,Yes,5ebacc66e425c604f5db6320,£0.50 ,,0,I might get £0.55 but I might also get £0.00.,,0,0,0,0,0,1,1,1,1,1,1,1,7,5,5,0,£0.50 ,,0,I get £0.55 if my partner also chooses Option B. But I will get £0.00 if I choose this option and my partner does not.,,0,0,0,0,1,1,0,0,1,1,1,1,6,4,6,1,4,2,5ebacc66e425c604f5db6320,25,Male,Yes,Yes
43990.66184,43990.66877,IP Address,100,598,TRUE,43990.66878,R_3oB11tbBpEll0pw,anonymous,EN,Yes,Yes,Yes,Yes,Yes,5ebb830268bb65000a8ccecf,£0.50 ,,0,I might get £0.55 but I might also get £0.00.,,0,1,1,1,1,1,1,1,1,1,1,1,11,1,1,0,£0.50 ,,0,I get £0.55 if my partner also chooses Option B. But I will get £0.00 if I choose this option and my partner does not.,,0,1,1,1,1,1,1,1,1,1,1,1,11,1,1,0,3,1,5ebb830268bb65000a8ccecf,23,Female,No,No
43990.60405,43990.61211,IP Address,100,695,TRUE,43990.61211,R_3mfxQUkzENgRfBU,anonymous,EN,Yes,Yes,Yes,Yes,Yes,5ebbb2cfea8af319400d3cb2,£0.50 ,,0,I might get £0.55 but I might also get £0.00.,,0,0,1,1,1,1,0,1,1,0,0,0,6,2,6,1,£0.50 ,,0,I get £0.55 if my partner also chooses Option B. But I will get £0.00 if I choose this option and my partner does not.,,0,0,0,0,0,1,0,1,0,1,1,1,5,5,7,1,5,1,5ebbb2cfea8af319400d3cb2,21,Male,Yes,Yes
43990.54333,43990.54765,IP Address,100,373,TRUE,43990.54766,R_277q2TAeicdStiO,anonymous,EN,Yes,Yes,Yes,Yes,Yes,5ebbc84205594f1b921a6a50,£0.50 ,,0,I might get £0.55 but I might also get £0.00.,,0,1,1,1,1,1,1,1,1,1,1,1,11,1,1,0,£0.50 ,,0,I get £0.55 if my partner also chooses Option B. But I will get £0.00 if I choose this option and my partner does not.,,0,1,1,1,1,1,1,1,1,1,1,1,11,1,1,0,4,2,5ebbc84205594f1b921a6a50,22,Male,Yes,Yes
43990.56597,43990.57052,IP Address,100,392,TRUE,43990.57053,R_2UhDWE8GrEORjBI,anonymous,EN,Yes,Yes,Yes,Yes,Yes,5ebbdb5661918a0469093fb9,£0.50 ,,0,I might get £0.55 but I might also get £0.00.,,0,0,0,0,0,0,0,0,0,1,1,1,3,9,9,0,£0.50 ,,0,I get £0.55 if my partner also chooses Option B. But I will get £0.00 if I choose this option and my partner does not.,,0,0,0,0,0,0,0,0,0,1,1,1,3,9,9,0,4,3,5ebbdb5661918a0469093fb9,18,Male,Yes,Yes
43990.54663,43990.54904,IP Address,100,207,TRUE,43990.54905,R_3fpHHtDIil3Rxhg,anonymous,EN,Yes,Yes,Yes,Yes,Yes,5ebc00a629fee7040749a921,£0.50 ,,0,I might get £0.55 but I might also get £0.00.,,0,1,1,1,1,1,1,1,1,1,1,1,11,1,1,0,£0.50 ,,0,I get £0.55 if my partner also chooses Option B. But I will get £0.00 if I choose this option and my partner does not.,,0,0,0,0,0,0,0,0,0,1,1,1,3,9,9,0,5,1,5ebc00a629fee7040749a921,21,Male,Yes,Yes
43990.56134,43990.56617,IP Address,100,416,TRUE,43990.56618,R_CftEHsszECzfAe5,anonymous,EN,Yes,Yes,Yes,Yes,Yes,5ebc0321691918042b4566ca,£0.50 ,,0,I might get £0.55 but I might also get £0.00.,,0,0,0,0,0,1,1,1,1,1,1,1,7,5,5,0,£0.50 ,,0,I get £0.55 if my partner also chooses Option B. But I will get £0.00 if I choose this option and my partner does not.,,0,0,0,0,0,0,0,0,0,0,0,0,0,0,12,0,2,1,5ebc0321691918042b4566ca,50,Male,Yes,Yes
43990.54832,43990.55234,IP Address,100,347,TRUE,43990.55235,R_AGuiNf5W2aPpa6J,anonymous,EN,Yes,Yes,Yes,Yes,Yes,5ebc0c153f8b2e04d3833423,£0.50 ,,0,I might get £0.55 but I might also get £0.00.,,0,0,0,0,0,0,0,1,1,1,1,1,5,7,7,0,£0.50 ,,0,I get £0.55 if my partner also chooses Option B. But I will get £0.00 if I choose this option and my partner does not.,,0,0,0,0,1,1,1,1,1,1,1,1,8,4,4,0,1,3,5ebc0c153f8b2e04d3833423,19,Female,Yes,Yes
43990.54451,43990.5478,IP Address,100,283,TRUE,43990.54781,R_yQ5Hj704o7mj6CZ,anonymous,EN,Yes,Yes,Yes,Yes,Yes,5ebc1d415ab22e012bee7473,£0.50 ,,0,I might get £0.55 but I might also get £0.00.,,0,0,0,0,0,0,0,0,1,1,1,1,4,8,8,0,£0.50 ,,0,I get £0.55 if my partner also chooses Option B. But I will get £0.00 if I choose this option and my partner does not.,,0,0,1,1,1,1,1,1,1,1,1,1,10,2,2,0,2,3,5ebc1d415ab22e012bee7473,26,Male,Yes,Yes
43990.7448,43990.74779,IP Address,100,258,TRUE,43990.7478,R_1rB2mi4KfjurD4C,anonymous,EN,Yes,Yes,Yes,Yes,Yes,5ebc44b0e51a450750ffe753,£0.50 ,,0,I might get £0.55 but I might also get £0.00.,,0,0,0,0,0,0,0,1,0,1,1,1,4,7,8,1,£0.50 ,,0,I get £0.55 if my partner also chooses Option B. But I will get £0.00 if I choose this option and my partner does not.,,0,0,0,0,0,0,0,0,0,0,0,1,1,11,11,0,5,2,5ebc44b0e51a450750ffe753,23,Male,Yes,Yes
43990.54591,43990.55061,IP Address,100,405,TRUE,43990.55062,R_1H8nfFBMTQvYdGo,anonymous,EN,Yes,Yes,Yes,Yes,Yes,5ebc4b98ea22c808030a6665,£0.50 ,,0,I might get £0.55 but I might also get £0.00.,,0,0,0,0,0,0,0,0,0,1,1,1,3,9,9,0,£0.50 ,,0,I get £0.55 if my partner also chooses Option B. But I will get £0.00 if I choose this option and my partner does not.,,0,0,0,0,0,0,0,0,0,0,0,0,0,0,12,0,4,1,5ebc4b98ea22c808030a6665,23,Female,Yes,Yes
43990.61825,43990.62191,IP Address,100,315,TRUE,43990.62192,R_Ab1SpQmUO2Sn5mx,anonymous,EN,Yes,Yes,Yes,Yes,Yes,5ebc61ed381e7a0a0d69852b,£0.50 ,,0,I might get £0.55 but I might also get £0.00.,,0,0,0,0,0,0,0,1,1,1,1,1,5,7,7,0,£0.50 ,,0,I get £0.55 if my partner also chooses Option B. But I will get £0.00 if I choose this option and my partner does not.,,0,0,0,0,1,1,1,1,1,1,1,1,8,4,4,0,5,5,5ebc61ed381e7a0a0d69852b,22,Female,No,Yes
43990.6626,43990.66417,IP Address,100,135,TRUE,43990.66418,R_2S1zSNIk9wtgr59,anonymous,EN,Yes,Yes,Yes,Yes,Yes,5ebc8252daa4d00dec67d910,£0.50 ,,0,I might get £0.55 but I might also get £0.00.,,0,0,0,0,0,0,0,0,0,0,0,1,1,11,11,0,£0.50 ,,0,I get £0.55 if my partner also chooses Option B. But I will get £0.00 if I choose this option and my partner does not.,,0,0,0,0,1,1,1,1,1,1,1,1,8,4,4,0,4,1,5ebc8252daa4d00dec67d910,22,Male,Yes,Yes
43990.58153,43990.58422,IP Address,100,233,TRUE,43990.58423,R_5stN0yhCFhxBgOd,anonymous,EN,Yes,Yes,Yes,Yes,Yes,5ebd37c28564e107b66652d2,£0.50 ,,0,I might get £0.55 but I might also get £0.00.,,0,0,0,0,1,1,1,1,1,1,1,1,8,4,4,0,£0.50 ,,0,I get £0.55 if my partner also chooses Option B. But I will get £0.00 if I choose this option and my partner does not.,,0,0,0,0,0,1,3,1,1,1,1,1,9,5,5,0,3,4,5ebd37c28564e107b66652d2,20,Male,No,Yes
43990.54596,43990.54781,IP Address,100,160,TRUE,43990.54782,R_22y0OHm9Byx0sbK,anonymous,EN,Yes,Yes,Yes,Yes,Yes,5ebd3ac3e4414a0009217be3,£0.50 ,,0,I might get £0.55 but I might also get £0.00.,,0,0,0,0,0,0,0,0,0,0,0,0,0,0,12,0,£0.50 ,,0,I get £0.55 if my partner also chooses Option B. But I will get £0.00 if I choose this option and my partner does not.,,0,0,0,0,0,0,0,0,0,0,0,0,0,0,12,0,4,2,5ebd3ac3e4414a0009217be3,23,Male,Yes,Yes
43990.54906,43990.5515,IP Address,100,210,TRUE,43990.55151,R_322r4MMQuydzzTr,anonymous,EN,Yes,Yes,Yes,Yes,Yes,5ebdc4c431748b1107152a6f,£0.50 ,,0,I might get £0.55 but I might also get £0.00.,,0,0,0,0,1,1,1,1,1,1,1,1,8,4,4,0,£1.00 ,£0.50 ,1,I get £0.55 if my partner also chooses Option B. But I will get £0.00 if I choose this option and my partner does not.,,0,0,0,0,0,1,1,1,1,1,1,1,7,5,5,0,4,1,5ebdc4c431748b1107152a6f,20,Male,Yes,Yes
43990.54257,43990.54501,IP Address,100,210,TRUE,43990.54502,R_3LYon7nfdzNyAXG,anonymous,EN,Yes,Yes,Yes,Yes,Yes,5ebe594f3f003c021b956954,£0.50 ,,0,I might get £0.55 but I might also get £0.00.,,0,1,1,1,1,1,1,1,1,1,1,1,11,1,1,0,£0.50 ,,0,I get £0.55 if my partner also chooses Option B. But I will get £0.00 if I choose this option and my partner does not.,,0,1,1,1,1,1,1,1,1,1,1,1,11,1,1,0,1,1,5ebe594f3f003c021b956954,26,Female,Yes,No
43990.54962,43990.55301,IP Address,100,293,TRUE,43990.55302,R_qX8upO8QNcOhJ1D,anonymous,EN,Yes,Yes,Yes,Yes,Yes,5ebe5c1b52171b1b107e13f9,£0.50 ,,0,I might get £0.55 but I might also get £0.00.,,0,1,1,1,1,1,1,1,1,1,1,1,11,1,1,0,£0.50 ,,0,I get £0.55 if my partner also chooses Option B. But I will get £0.00 if I choose this option and my partner does not.,,0,0,0,0,0,1,1,1,1,1,1,1,7,5,5,0,3,3,5ebe5c1b52171b1b107e13f9,40,Male,Yes,Yes
43990.5451,43990.54855,IP Address,100,297,TRUE,43990.54856,R_1nVhImdrwdjCsH5,anonymous,EN,Yes,Yes,Yes,Yes,Yes,5ebe79b7bd76501da28df8b1,£0.50 ,,0,I might get £0.55 but I might also get £0.00.,,0,0,0,0,0,0,0,0,1,0,1,0,2,8,10,1,£0.50 ,,0,I get £0.55 if my partner also chooses Option B. But I will get £0.00 if I choose this option and my partner does not.,,0,0,0,0,0,1,1,1,1,1,1,1,7,5,5,0,2,1,5ebe79b7bd76501da28df8b1,23,Male,Yes,Yes
43990.54832,43990.55255,IP Address,100,365,TRUE,43990.55256,R_2PqeAxmnzfkov6N,anonymous,EN,Yes,Yes,Yes,Yes,Yes,5ebe7c0b9578b7057109a435,£0.50 ,,0,I might get £0.55 but I might also get £0.00.,,0,0,0,0,0,0,0,0,0,1,0,1,2,9,10,1,£0.50 ,,0,I get £0.55 if my partner also chooses Option B. But I will get £0.00 if I choose this option and my partner does not.,,0,0,0,0,0,0,0,1,1,1,1,1,5,7,7,0,4,2,5ebe7c0b9578b7057109a435,34,Female,Yes,No
43990.55036,43990.55376,IP Address,100,294,TRUE,43990.55377,R_2bTsSy3bh29sDJ5,anonymous,EN,Yes,Yes,Yes,Yes,Yes,5ebee8581f3004103ad74b5a,£0.50 ,,0,I might get £0.55 but I might also get £0.00.,,0,0,0,0,0,1,1,1,1,1,1,1,7,5,5,0,£0.50 ,,0,I get £0.55 if my partner also chooses Option B. But I will get £0.00 if I choose this option and my partner does not.,,0,0,0,1,1,1,1,1,1,1,1,1,9,3,3,0,1,1,5ebee8581f3004103ad74b5a,21,Female,Yes,Yes
43990.56932,43990.57372,IP Address,100,379,TRUE,43990.57372,R_staD6nbzwhha2yd,anonymous,EN,Yes,Yes,Yes,Yes,Yes,5ebf1f4656bdfc2ffed28ee8,£0.50 ,,0,I might get £0.55 but I might also get £0.00.,,0,0,0,0,0,0,0,0,0,1,1,1,3,9,9,0,£0.50 ,,0,I get £0.55 if my partner also chooses Option B. But I will get £0.00 if I choose this option and my partner does not.,,0,0,0,0,0,0,0,0,1,1,1,1,4,8,8,0,3,1,5ebf1f4656bdfc2ffed28ee8,18,Male,Yes,Yes
43990.54654,43990.55112,IP Address,100,395,TRUE,43990.55113,R_25GVIQKUvNJHfaV,anonymous,EN,Yes,Yes,Yes,Yes,Yes,5ebf3541fa0189324a7cf56b,£0.50 ,,0,I might get £0.55 but I might also get £0.00.,,0,0,1,0,0,0,1,0,1,1,1,1,6,2,6,1,£0.50 ,,0,I get £0.55 if my partner also chooses Option B. But I will get £0.00 if I choose this option and my partner does not.,,0,0,0,0,0,0,0,0,0,1,1,1,3,9,9,0,4,2,5ebf3541fa0189324a7cf56b,23,Male,Yes,Yes
43990.67083,43990.67296,IP Address,100,183,TRUE,43990.67297,R_23a65LkHtETlWfg,anonymous,EN,Yes,Yes,Yes,Yes,Yes,5ec117586575405278a71dec,£0.50 ,,0,I might get £0.55 but I might also get £0.00.,,0,0,0,0,0,0,0,0,1,1,1,1,4,8,8,0,£0.50 ,,0,I get £0.55 if my partner also chooses Option B. But I will get £0.00 if I choose this option and my partner does not.,,0,0,0,0,0,0,0,0,0,0,0,1,1,11,11,0,5,1,5ec117586575405278a71dec,27,Male,Yes,Yes
43990.54737,43990.55752,IP Address,100,876,TRUE,43990.55753,R_21b7JIqVTvdDnV0,anonymous,EN,Yes,Yes,Yes,Yes,Yes,5ec12ed7a66dbf01c7d740c1,£0.50 ,,0,I might get £0.55 but I might also get £0.00.,,0,0,0,0,0,0,0,1,1,1,1,1,5,7,7,0,£0.50 ,,0,I get £0.55 if my partner also chooses Option B. But I will get £0.00 if I choose this option and my partner does not.,,0,0,0,0,0,0,1,1,1,1,1,1,6,6,6,0,5,2,5ec12ed7a66dbf01c7d740c1,22,Male,Yes,Yes
43990.64928,43990.65112,IP Address,100,159,TRUE,43990.65113,R_2bKrlX9yJjauumh,anonymous,EN,Yes,Yes,Yes,Yes,Yes,5ec14c5e3d32b404e2dcbd41,£0.50 ,,0,I might get £0.55 but I might also get £0.00.,,0,0,0,0,0,0,0,1,1,1,1,1,5,7,7,0,£0.50 ,,0,I get £0.55 if my partner also chooses Option B. But I will get £0.00 if I choose this option and my partner does not.,,0,0,0,1,1,1,1,1,1,1,1,1,9,3,3,0,5,1,5ec14c5e3d32b404e2dcbd41,23,Male,Yes,Yes
43990.57738,43990.57959,IP Address,100,190,TRUE,43990.5796,R_2pSvy29eVY1HMpu,anonymous,EN,Yes,Yes,Yes,Yes,Yes,5ec169cf9d4f8e0451257323,£0.50 ,,0,I might get £0.55 but I might also get £0.00.,,0,0,0,0,0,1,0,1,1,1,1,1,6,5,6,1,£0.50 ,,0,I get £0.55 if my partner also chooses Option B. But I will get £0.00 if I choose this option and my partner does not.,,0,1,1,1,1,1,1,1,1,1,1,1,11,1,1,0,3,1,5ec169cf9d4f8e0451257323,23,Female,Yes,Yes
43990.54924,43990.55337,IP Address,100,356,TRUE,43990.55338,R_2XiivNAWH6IgpcY,anonymous,EN,Yes,Yes,Yes,Yes,Yes,5ec25b2bcad3b8022c14846d,£0.50 ,,0,I might get £0.55 but I might also get £0.00.,,0,0,0,0,1,1,1,1,1,1,1,1,8,4,4,0,£0.50 ,,0,I get £0.55 if my partner also chooses Option B. But I will get £0.00 if I choose this option and my partner does not.,,0,0,0,0,0,1,1,1,1,1,1,1,7,5,5,0,4,2,5ec25b2bcad3b8022c14846d,24,Male,Yes,Yes
43990.54669,43990.5512,IP Address,100,390,TRUE,43990.55122,R_3HHVAI9YBeVjd0I,anonymous,EN,Yes,Yes,Yes,Yes,Yes,5ec26db147c4470349ee46a3,£0.50 ,,0,I might get £0.55 but I might also get £0.00.,,0,0,1,1,1,1,1,1,1,1,1,1,10,2,2,0,£0.50 ,,0,I get £0.55 if my partner also chooses Option B. But I will get £0.00 if I choose this option and my partner does not.,,0,0,0,0,0,0,0,0,0,0,0,0,0,0,12,0,4,1,5ec26db147c4470349ee46a3,27,Female,Yes,Yes
43990.54612,43990.54964,IP Address,100,303,TRUE,43990.54965,R_3dzCch20RpyWBH3,anonymous,EN,Yes,Yes,Yes,Yes,Yes,5ec26ffd4c6d13034d19ebe2,£0.50 ,,0,I might get £0.55 but I might also get £0.00.,,0,0,0,0,0,1,1,1,1,1,1,1,7,5,5,0,£0.50 ,,0,I get £0.55 if my partner also chooses Option B. But I will get £0.00 if I choose this option and my partner does not.,,0,0,0,0,0,0,0,0,0,0,0,0,0,0,12,0,4,1,5ec26ffd4c6d13034d19ebe2,22,Male,Yes,No
43990.62207,43990.62803,IP Address,100,515,TRUE,43990.62804,R_1daiyVoWVH2OGfT,anonymous,EN,Yes,Yes,Yes,Yes,Yes,5ec2966a040697086b206187,£0.50 ,,0,I might get £0.55 but I might also get £0.00.,,0,1,1,1,1,1,1,1,1,1,1,1,11,1,1,0,£0.50 ,,0,I get £0.55 if my partner also chooses Option B. But I will get £0.00 if I choose this option and my partner does not.,,0,0,0,0,0,0,0,0,1,0,1,1,3,8,9,1,4,1,5ec2966a040697086b206187,47,Female,Yes,No
43990.66944,43990.67116,IP Address,100,147,TRUE,43990.67116,R_6hw2avhO2lHz0Nr,anonymous,EN,Yes,Yes,Yes,Yes,Yes,5ec2b942b79ce30ab8edbc5e,£0.50 ,,0,I might get £0.55 but I might also get £0.00.,,0,0,0,0,0,0,0,0,0,0,1,0,1,10,11,1,£0.50 ,,0,I get £0.55 if my partner also chooses Option B. But I will get £0.00 if I choose this option and my partner does not.,,0,0,0,0,0,0,0,0,1,1,1,1,4,8,8,0,3,4,5ec2b942b79ce30ab8edbc5e,39,Male,Yes,Yes
43990.54911,43990.55314,IP Address,100,348,TRUE,43990.55315,R_1DB9drDBmLQmIrf,anonymous,EN,Yes,Yes,Yes,Yes,Yes,5ec2c68c3542420e2de60387,£0.50 ,,0,I might get £0.55 but I might also get £0.00.,,0,0,0,0,1,1,1,1,1,1,1,1,8,4,4,0,£0.50 ,,0,I get £0.55 if my partner also chooses Option B. But I will get £0.00 if I choose this option and my partner does not.,,0,0,0,0,0,0,0,0,0,1,1,1,3,9,9,0,4,1,5ec2c68c3542420e2de60387,24,Female,Yes,No
43990.54425,43990.54751,IP Address,100,281,TRUE,43990.54752,R_yEoIEAxZIHg369z,anonymous,EN,Yes,Yes,Yes,Yes,Yes,5ec2cc6ace4b500d365da245,£0.50 ,,0,I might get £0.55 but I might also get £0.00.,,0,0,0,0,0,0,0,0,0,1,1,1,3,9,9,0,£0.50 ,,0,I get £0.55 if my partner also chooses Option B. But I will get £0.00 if I choose this option and my partner does not.,,0,0,0,0,0,0,0,0,0,1,1,1,3,9,9,0,5,2,5ec2cc6ace4b500d365da245,21,Male,No,No
43990.54351,43990.54877,IP Address,100,454,TRUE,43990.54878,R_2YogFbxHRb7oJhM,anonymous,EN,Yes,Yes,Yes,Yes,Yes,5ec2cf4c3542420fa914f4b9,£0.50 ,,0,I might get £0.55 but I might also get £0.00.,,0,0,0,0,0,0,0,1,1,1,1,1,5,7,7,0,£0.50 ,,0,I get £0.55 if my partner also chooses Option B. But I will get £0.00 if I choose this option and my partner does not.,,0,0,0,1,1,1,1,1,1,1,1,1,9,3,3,0,5,1,5ec2cf4c3542420fa914f4b9,25,Female,Yes,Yes
43990.6395,43990.64412,IP Address,100,398,TRUE,43990.64412,R_XiDWyrxJao6USkx,anonymous,EN,Yes,Yes,Yes,Yes,Yes,5ec2ef5032a75112b7243364,£0.50 ,,0,I might get £0.55 but I might also get £0.00.,,0,0,0,0,0,1,1,1,1,1,1,1,7,5,5,0,£0.50 ,,0,I get £0.55 if my partner also chooses Option B. But I will get £0.00 if I choose this option and my partner does not.,,0,0,0,1,1,1,1,1,1,1,1,1,9,3,3,0,5,1,5ec2ef5032a75112b7243364,19,Male,Yes,Yes
43990.5692,43990.5738,IP Address,100,396,TRUE,43990.57382,R_1g6mO6Xl7zz6mpm,anonymous,EN,Yes,Yes,Yes,Yes,Yes,5ec2f96112531613e61bde03,£0.50 ,,0,I might get £0.55 but I might also get £0.00.,,0,0,1,1,1,1,1,1,1,1,1,1,10,2,2,0,£0.50 ,,0,I get £0.55 if my partner also chooses Option B. But I will get £0.00 if I choose this option and my partner does not.,,0,0,0,0,0,0,0,0,0,0,0,0,0,0,12,0,1,1,5ec2f96112531613e61bde03,21,Male,Yes,Yes
43990.5442,43990.5478,IP Address,100,311,TRUE,43990.54781,R_w4U9GNArdEHiRfr,anonymous,EN,Yes,Yes,Yes,Yes,Yes,5ec2fcf369356b13ec827feb,£0.50 ,,0,I might get £0.55 but I might also get £0.00.,,0,0,0,0,0,0,0,0,0,1,1,1,3,9,9,0,£0.50 ,,0,I get £0.55 if my partner also chooses Option B. But I will get £0.00 if I choose this option and my partner does not.,,0,0,0,0,0,0,0,0,0,1,1,1,3,9,9,0,3,1,5ec2fcf369356b13ec827feb,27,Male,Yes,Yes
43990.54343,43990.54534,IP Address,100,165,TRUE,43990.54535,R_3jU6hMEPoFlJQSw,anonymous,EN,Yes,Yes,Yes,Yes,Yes,5ec3022338a19e143412435f,£0.50 ,,0,I might get £0.55 but I might also get £0.00.,,0,0,0,0,0,1,1,1,1,1,1,1,7,5,5,0,£0.50 ,,0,I get £0.55 if my partner also chooses Option B. But I will get £0.00 if I choose this option and my partner does not.,,0,1,1,1,1,1,1,1,1,1,1,1,11,1,1,0,2,3,5ec3022338a19e143412435f,18,Male,Yes,Yes
43990.58035,43990.58266,IP Address,100,200,TRUE,43990.58267,R_2tzpSA3Zkwj6uRY,anonymous,EN,Yes,Yes,Yes,Yes,Yes,5ec30da23ec49b15b5347005,£0.50 ,,0,I might get £0.55 but I might also get £0.00.,,0,1,1,1,1,1,1,1,1,1,1,1,11,1,1,0,£0.50 ,,0,I get £0.55 if my partner also chooses Option B. But I will get £0.00 if I choose this option and my partner does not.,,0,1,1,1,1,1,1,1,1,1,1,1,11,1,1,0,4,1,5ec30da23ec49b15b5347005,28,Male,Yes,Yes
43990.54679,43990.5501,IP Address,100,285,TRUE,43990.55011,R_2q8EZyoWbJXpBJc,anonymous,EN,Yes,Yes,Yes,Yes,Yes,5ec31cab8be41217405324fc,£0.50 ,,0,I might get £0.55 but I might also get £0.00.,,0,0,0,0,0,0,0,0,1,1,1,1,4,8,8,0,£0.50 ,,0,I get £0.55 if my partner also chooses Option B. But I will get £0.00 if I choose this option and my partner does not.,,0,0,0,0,0,0,0,0,0,0,1,1,2,10,10,0,5,1,5ec31cab8be41217405324fc,27,Female,Yes,Yes
43990.6886,43990.69096,IP Address,100,203,TRUE,43990.69097,R_2hNMiYDC1o7bROF,anonymous,EN,Yes,Yes,Yes,Yes,Yes,5ec3a552a3f17001258ff1ad,£0.50 ,,0,I might get £0.55 but I might also get £0.00.,,0,0,0,0,0,0,0,0,0,0,1,1,2,10,10,0,£0.50 ,,0,I get £0.55 if my partner also chooses Option B. But I will get £0.00 if I choose this option and my partner does not.,,0,0,0,0,0,0,0,0,0,1,1,1,3,9,9,0,4,3,5ec3a552a3f17001258ff1ad,29,Male,Yes,No
43990.66831,43990.67455,IP Address,100,539,TRUE,43990.67456,R_3MmUZXJ2cuj69tQ,anonymous,EN,Yes,Yes,Yes,Yes,Yes,5ec3d2ec5b3cc3046fb43208,£0.50 ,,0,I might get £0.55 but I might also get £0.00.,,0,0,0,0,0,0,0,1,0,0,1,1,3,7,9,1,£0.50 ,,0,I get £0.55 if my partner also chooses Option B. But I will get £0.00 if I choose this option and my partner does not.,,0,0,0,0,0,1,1,1,1,1,1,1,7,5,5,0,5,1,5ec3d2ec5b3cc3046fb43208,19,Female,Yes,Yes
43990.62446,43990.6303,IP Address,100,504,TRUE,43990.63031,R_1NtuQWOkuoWj8ha,anonymous,EN,Yes,Yes,Yes,Yes,Yes,5ec3d4fcce3cd40548b687ce,£0.50 ,,0,I might get £0.55 but I might also get £0.00.,,0,0,0,0,0,0,0,0,0,1,1,1,3,9,9,0,£0.50 ,,0,I get £0.55 if my partner also chooses Option B. But I will get £0.00 if I choose this option and my partner does not.,,0,0,0,0,0,0,0,0,0,0,0,0,0,0,12,0,4,5,5ec3d4fcce3cd40548b687ce,23,Male,Yes,Yes
43990.58727,43990.59403,IP Address,100,583,TRUE,43990.59403,R_2EpdOSLwXJsTvQE,anonymous,EN,Yes,Yes,Yes,Yes,Yes,5ec3dd4a21dd590667039a02,£0.50 ,,0,I might get £0.55 but I might also get £0.00.,,0,0,0,0,0,0,0,1,1,1,1,1,5,7,7,0,£0.50 ,,0,I get £0.55 if my partner also chooses Option B. But I will get £0.00 if I choose this option and my partner does not.,,0,0,1,1,1,1,1,1,1,1,1,1,10,2,2,0,4,1,5ec3dd4a21dd590667039a02,23,Male,Yes,Yes
43990.54777,43990.55177,IP Address,100,346,TRUE,43990.55178,R_3rM9BpuikDSGYbm,anonymous,EN,Yes,Yes,Yes,Yes,Yes,5ec3e67d6675b9074282e5c2,£0.50 ,,0,I might get £0.55 but I might also get £0.00.,,0,0,0,0,0,1,1,1,1,1,1,1,7,5,5,0,£0.50 ,,0,I get £0.55 if my partner also chooses Option B. But I will get £0.00 if I choose this option and my partner does not.,,0,0,0,0,0,0,0,0,0,0,0,0,0,0,12,0,5,1,5ec3e67d6675b9074282e5c2,18,Male,Yes,Yes
43990.58727,43990.59056,IP Address,100,283,TRUE,43990.59056,R_3I3lt2NqJZ2XFNj,anonymous,EN,Yes,Yes,Yes,Yes,Yes,5ec44132efd362122f279256,£0.50 ,,0,I might get £0.55 but I might also get £0.00.,,0,0,0,0,0,0,0,0,0,1,0,0,1,9,11,1,£0.50 ,,0,I get £0.55 if my partner also chooses Option B. But I will get £0.00 if I choose this option and my partner does not.,,0,0,1,0,1,1,1,1,0,0,1,1,7,2,5,1,5,1,5ec44132efd362122f279256,28,Male,Yes,Yes
43991.03424,43991.038,IP Address,100,325,TRUE,43991.03801,R_SDJwmbvF7mtZ5kt,anonymous,EN,Yes,Yes,Yes,Yes,Yes,5ec4630ddd0a4816896af35d,£0.50 ,,0,I might get £0.55 but I might also get £0.00.,,0,0,0,0,0,1,1,1,1,1,1,1,7,5,5,0,£0.50 ,,0,I get £0.55 if my partner also chooses Option B. But I will get £0.00 if I choose this option and my partner does not.,,0,1,1,1,1,1,1,1,1,1,1,1,11,1,1,0,3,2,5ec4630ddd0a4816896af35d,37,Male,Yes,Yes
43990.54339,43990.54646,IP Address,100,264,TRUE,43990.54647,R_3JbmPByPIdkXcuJ,anonymous,EN,Yes,Yes,Yes,Yes,Yes,5ec479afc1172f3687c4bf9c,£0.50 ,,0,I might get £0.55 but I might also get £0.00.,,0,0,0,0,0,1,1,1,1,1,1,1,7,5,5,0,£0.50 ,,0,I get £0.55 if my partner also chooses Option B. But I will get £0.00 if I choose this option and my partner does not.,,0,0,0,1,1,1,1,1,1,1,1,1,9,3,3,0,5,1,5ec479afc1172f3687c4bf9c,23,Male,Yes,Yes
43990.66285,43990.66608,IP Address,100,279,TRUE,43990.66608,R_1pANq8iXMpNTLZi,anonymous,EN,Yes,Yes,Yes,Yes,Yes,5ec4e27a306f253d7e5e5565,£0.50 ,,0,I might get £0.55 but I might also get £0.00.,,0,0,0,0,0,1,1,1,1,1,1,1,7,5,5,0,£0.50 ,,0,I get £0.55 if my partner also chooses Option B. But I will get £0.00 if I choose this option and my partner does not.,,0,0,0,0,0,0,0,0,0,0,0,0,0,0,12,0,4,5,5ec4e27a306f253d7e5e5565,20,Male,Yes,Yes
43990.6626,43990.66601,IP Address,100,294,TRUE,43990.66602,R_a2TABQlJBV13TsR,anonymous,EN,Yes,Yes,Yes,Yes,Yes,5ec4e3db7e31c83dfc851b83,£0.50 ,,0,I might get £0.55 but I might also get £0.00.,,0,0,0,0,0,1,1,1,1,1,1,1,7,5,5,0,£0.50 ,,0,I get £0.55 if my partner also chooses Option B. But I will get £0.00 if I choose this option and my partner does not.,,0,0,0,0,1,1,1,1,1,1,1,1,8,4,4,0,5,3,5ec4e3db7e31c83dfc851b83,29,Female,Yes,Yes
43990.54439,43990.54793,IP Address,100,306,TRUE,43990.54794,R_1hR0nGKFVPwddyK,anonymous,EN,Yes,Yes,Yes,Yes,Yes,5ec4f8964ac117402aaff271,£0.50 ,,0,I might get £0.55 but I might also get £0.00.,,0,0,0,0,0,0,0,0,0,1,0,1,2,9,10,1,£0.50 ,,0,I get £0.55 if my partner also chooses Option B. But I will get £0.00 if I choose this option and my partner does not.,,0,0,0,0,0,1,0,1,0,1,1,1,5,5,7,1,4,2,5ec4f8964ac117402aaff271,26,Female,Yes,Yes
43990.74485,43990.74947,IP Address,100,398,TRUE,43990.74948,R_UavPl5GANUEbjbj,anonymous,EN,Yes,Yes,Yes,Yes,Yes,5ec51ca130b4c34647bb38d9,£0.50 ,,0,I might get £0.55 but I might also get £0.00.,,0,0,0,0,0,0,0,0,0,0,0,0,0,0,12,0,£0.50 ,,0,I get £0.55 if my partner also chooses Option B. But I will get £0.00 if I choose this option and my partner does not.,,0,0,0,0,0,0,0,1,1,1,1,1,5,7,7,0,4,1,5ec51ca130b4c34647bb38d9,25,Male,Yes,Yes
43990.79947,43990.8036,IP Address,100,357,TRUE,43990.80361,R_28U4m7IXqOHpXnK,anonymous,EN,Yes,Yes,Yes,Yes,Yes,5ec543c79a23484c8bd60840,£0.50 ,,0,I might get £0.55 but I might also get £0.00.,,0,1,1,1,1,1,1,1,1,1,1,1,11,1,1,0,£0.50 ,,0,I get £0.55 if my partner also chooses Option B. But I will get £0.00 if I choose this option and my partner does not.,,0,0,0,0,0,0,0,0,0,1,1,1,3,9,9,0,3,1,5ec543c79a23484c8bd60840,40,Male,Yes,No
43990.62076,43990.6247,IP Address,100,339,TRUE,43990.62471,R_3qaPBH3PRvkRLYJ,anonymous,EN,Yes,Yes,Yes,Yes,Yes,5ec57152293dfe55dcdc73f0,£0.50 ,,0,I might get £0.55 but I might also get £0.20.,I might get £0.55 but I might also get £0.00.,1,0,1,1,1,1,1,1,1,1,1,1,10,2,2,0,£0.50 ,,0,I get £0.55 if my partner also chooses Option B. But I will get £0.00 if I choose this option and my partner does not.,,0,0,0,0,0,0,0,0,0,1,1,1,3,9,9,0,4,2,5ec57152293dfe55dcdc73f0,23,Male,Yes,Yes
43990.55675,43990.56046,IP Address,100,320,TRUE,43990.56047,R_1Q5zY4ArtE01sPJ,anonymous,EN,Yes,Yes,Yes,Yes,Yes,5ec58291fe991f584fd96a01,£0.50 ,,0,I might get £0.55 but I might also get £0.00.,,0,0,0,0,0,0,1,1,1,1,1,1,6,6,6,0,£0.50 ,,0,I get £0.55 if my partner also chooses Option B. But I will get £0.00 if I choose this option and my partner does not.,,0,0,1,1,1,1,1,1,1,1,1,1,10,2,2,0,3,1,5ec58291fe991f584fd96a01,28,Male,Yes,Yes
43990.97245,43990.97574,IP Address,100,284,TRUE,43990.97575,R_1CrozW5y7s1rl63,anonymous,EN,Yes,Yes,Yes,Yes,Yes,5ec5e35f29a3796505dbf33c,£0.50 ,,0,I might get £0.55 but I might also get £0.00.,,0,0,1,1,1,1,1,1,1,1,1,1,10,2,2,0,£0.50 ,,0,I get £0.55 if my partner also chooses Option B. But I will get £0.00 if I choose this option and my partner does not.,,0,0,0,0,0,0,0,0,1,0,0,1,2,8,10,1,4,4,5ec5e35f29a3796505dbf33c,31,Male,Yes,Yes
43991.72481,43991.72778,IP Address,100,256,TRUE,43991.72779,R_2v2kAOYD0iiWqJQ,anonymous,EN,Yes,Yes,Yes,Yes,Yes,5ec62e3db9ee8900092eb997,£0.50 ,,0,I might get £0.55 but I might also get £0.00.,,0,0,0,0,0,1,1,1,1,1,1,1,7,5,5,0,£0.50 ,,0,I get £0.55 if my partner also chooses Option B. But I will get £0.00 if I choose this option and my partner does not.,,0,0,0,0,0,1,1,1,1,1,1,1,7,5,5,0,4,1,5ec62e3db9ee8900092eb997,19,Male,Yes,Yes
43990.58778,43990.59093,IP Address,100,271,TRUE,43990.59093,R_1IKwFV3Vs4JGEjL,anonymous,EN,Yes,Yes,Yes,Yes,Yes,5ec656cac39e7402b1e4bc07,£0.50 ,,0,I might get £0.55 but I might also get £0.00.,,0,0,0,0,0,1,1,1,1,1,1,1,7,5,5,0,£0.50 ,,0,I get £0.55 if my partner also chooses Option B. But I will get £0.00 if I choose this option and my partner does not.,,0,0,0,0,0,0,0,0,0,1,1,1,3,9,9,0,4,1,5ec656cac39e7402b1e4bc07,19,Female,Yes,Yes
43990.54598,43990.54956,IP Address,100,308,TRUE,43990.54956,R_12ijq9jOHGsb51G,anonymous,EN,Yes,Yes,Yes,Yes,Yes,5ec6630a05a90702a2a71757,£0.50 ,,0,I might get £0.55 but I might also get £0.00.,,0,0,0,0,1,0,1,1,0,1,0,1,5,4,7,1,£0.50 ,,0,I get £0.55 if my partner also chooses Option B. But I will get £0.00 if I choose this option and my partner does not.,,0,0,0,0,0,0,0,0,1,1,1,1,4,8,8,0,4,3,5ec6630a05a90702a2a71757,19,Male,Yes,Yes
43990.54868,43990.55819,IP Address,100,821,TRUE,43990.55821,R_eb7bKQ4sXQZhVoR,anonymous,EN,Yes,Yes,Yes,Yes,Yes,5ec66938dab5740239677741,£0.50 ,,0,I might get £0.55 but I might also get £0.00.,,0,0,1,1,1,1,1,1,1,1,1,1,10,2,2,0,£0.50 ,,0,I get £0.55 if my partner also chooses Option B. But I will get £0.00 if I choose this option and my partner does not.,,0,1,1,1,1,1,1,1,1,1,1,1,11,1,1,0,3,1,5ec66938dab5740239677741,25,Male,Yes,Yes
43990.5427,43990.54516,IP Address,100,213,TRUE,43990.54518,R_1MwghB2ntuz2Ov7,anonymous,EN,Yes,Yes,Yes,Yes,Yes,5ec67dab01c3da05a5a13529,£0.50 ,,0,I might get £0.55 but I might also get £0.00.,,0,0,0,0,1,0,0,1,1,1,1,1,6,4,6,1,£0.50 ,,0,I get £0.55 if my partner also chooses Option B. But I will get £0.00 if I choose this option and my partner does not.,,0,0,0,0,1,1,0,0,1,1,1,1,6,4,6,1,5,2,5ec67dab01c3da05a5a13529,23,Female,Yes,Yes
43990.77355,43990.77601,IP Address,100,211,TRUE,43990.77601,R_3Icp584r5G5Jlu1,anonymous,EN,Yes,Yes,Yes,Yes,Yes,5ec6a2c76365d10a6f3bd8e7,£0.50 ,,0,I might get £0.55 but I might also get £0.00.,,0,0,0,0,0,1,1,1,1,1,1,1,7,5,5,0,£0.50 ,,0,I get £0.55 if my partner also chooses Option B. But I will get £0.00 if I choose this option and my partner does not.,,0,0,0,0,0,0,0,0,0,1,1,1,3,9,9,0,5,1,5ec6a2c76365d10a6f3bd8e7,27,Male,Yes,Yes
43990.54817,43990.55161,IP Address,100,297,TRUE,43990.55162,R_1feyAzGvXW7SFVG,anonymous,EN,Yes,Yes,Yes,Yes,Yes,5ec6c7286820ac0db0d68a19,£0.50 ,,0,I might get £0.55 but I might also get £0.00.,,0,0,0,0,0,0,0,1,0,0,1,1,3,7,9,1,£0.50 ,,0,I get £0.55 if my partner also chooses Option B. But I will get £0.00 if I choose this option and my partner does not.,,0,0,0,0,0,0,0,1,1,1,1,1,5,7,7,0,4,2,5ec6c7286820ac0db0d68a19,18,Male,Yes,Yes
43990.5624,43990.56535,IP Address,100,255,TRUE,43990.56536,R_3FUTJRqu0MU00jF,anonymous,EN,Yes,Yes,Yes,Yes,Yes,5ec6d8c1c84dc510c245fb8d,£0.50 ,,0,I might get £0.55 but I might also get £0.00.,,0,0,0,0,0,1,1,1,1,1,1,1,7,5,5,0,£0.50 ,,0,I get £0.55 if my partner also chooses Option B. But I will get £0.00 if I choose this option and my partner does not.,,0,0,1,1,1,1,1,1,1,1,1,1,10,2,2,0,1,3,5ec6d8c1c84dc510c245fb8d,24,Male,Yes,Yes
43990.54839,43990.55197,IP Address,100,308,TRUE,43990.55198,R_1N8pUAc96o4ujNk,anonymous,EN,Yes,Yes,Yes,Yes,Yes,5ec7b7f0079cdc22125201eb,£0.50 ,,0,I might get £0.55 but I might also get £0.00.,,0,0,0,0,0,0,0,1,1,1,1,1,5,7,7,0,£0.25 ,£0.50 ,1,I get £0.55 if my partner also chooses Option B. But I will get £0.00 if I choose this option and my partner does not.,,0,0,0,0,0,0,0,0,0,0,0,0,0,0,12,0,3,4,5ec7b7f0079cdc22125201eb,29,Male,Yes,Yes
43990.54465,43990.54845,IP Address,100,327,TRUE,43990.54845,R_3qq8epbQr0eRqCi,anonymous,EN,Yes,Yes,Yes,Yes,Yes,5ec7c170e06f6f05054ea099,£0.50 ,,0,I might get £0.55 but I might also get £0.00.,,0,0,0,0,0,0,0,0,0,0,0,0,0,0,12,0,£0.50 ,,0,I get £0.55 if my partner also chooses Option B. But I will get £0.00 if I choose this option and my partner does not.,,0,0,0,0,0,0,0,0,0,0,0,0,0,0,12,0,5,2,5ec7c170e06f6f05054ea099,25,Female,No,No
43990.54549,43990.54919,IP Address,100,319,TRUE,43990.5492,R_1DA4Z3i2GD3BRtk,anonymous,EN,Yes,Yes,Yes,Yes,Yes,5ec7eec4111ab727c89ca9b9,£0.50 ,,0,I might get £0.55 but I might also get £0.00.,,0,0,0,0,0,0,1,0,1,0,1,0,3,6,9,1,£0.50 ,,0,I get £0.55 if my partner also chooses Option B. But I will get £0.00 if I choose this option and my partner does not.,,0,0,0,0,0,0,0,0,0,0,0,0,0,0,12,0,1,3,5ec7eec4111ab727c89ca9b9,27,Male,Yes,Yes
43990.58225,43990.58391,IP Address,100,143,TRUE,43990.58392,R_6PhroDQVa83hEOd,anonymous,EN,Yes,Yes,Yes,Yes,Yes,5ec80a175fa6672b743ceb32,£0.50 ,,0,I might get £0.55 but I might also get £0.00.,,0,0,0,0,1,1,0,1,0,0,1,0,4,4,8,1,£0.50 ,,0,I get £0.55 if my partner also chooses Option B. But I will get £0.00 if I choose this option and my partner does not.,,0,0,0,0,0,0,1,1,1,1,1,1,6,6,6,0,4,2,5ec80a175fa6672b743ceb32,24,Male,Yes,Yes
43990.80124,43990.80465,IP Address,100,294,TRUE,43990.80466,R_3eqpWKWh6HO1yJd,anonymous,EN,Yes,Yes,Yes,Yes,Yes,5ec9467ffa4c5344b984b758,£0.50 ,,0,I might get £0.55 but I might also get £0.00.,,0,0,0,0,0,0,0,0,1,1,1,1,4,8,8,0,£0.50 ,,0,I get £0.55 if my partner also chooses Option B. But I will get £0.00 if I choose this option and my partner does not.,,0,0,0,0,0,0,1,1,1,1,1,1,6,6,6,0,3,1,5ec9467ffa4c5344b984b758,26,Female,Yes,Yes
43990.54446,43990.54794,IP Address,100,301,TRUE,43990.54795,R_3FOMKQXRzUGQa6B,anonymous,EN,Yes,Yes,Yes,Yes,Yes,5ec95c138fd0f04674b98bff,£0.50 ,,0,I might get £0.55 but I might also get £0.00.,,0,0,1,0,0,0,1,0,1,1,1,1,6,2,6,1,£0.50 ,,0,I get £0.55 if my partner also chooses Option B. But I will get £0.00 if I choose this option and my partner does not.,,0,0,0,0,1,1,1,1,1,1,1,1,8,4,4,0,4,2,5ec95c138fd0f04674b98bff,35,Male,Yes,Yes
43990.58016,43990.58404,IP Address,100,335,TRUE,43990.58405,R_2dlHA6gadaUIXPM,anonymous,EN,Yes,Yes,Yes,Yes,Yes,5eca994dce3f415f1fdf45f8,£0.50 ,,0,I might get £0.55 but I might also get £0.00.,,0,0,0,0,0,0,0,0,0,0,0,1,1,11,11,0,£0.50 ,,0,I get £0.55 if my partner also chooses Option B. But I will get £0.00 if I choose this option and my partner does not.,,0,0,0,0,0,1,1,1,1,1,1,1,7,5,5,0,5,4,5eca994dce3f415f1fdf45f8,26,Male,Yes,No
43990.57753,43990.58034,IP Address,100,242,TRUE,43990.58035,R_pg7CsvfZcN6TiSd,anonymous,EN,Yes,Yes,Yes,Yes,Yes,5ecaa03045d07e0767b5d61e,£0.50 ,,0,I might get £0.55 but I might also get £0.00.,,0,1,1,1,1,1,1,1,1,1,1,1,11,1,1,0,£0.50 ,,0,I get £0.55 if my partner also chooses Option B. But I will get £0.00 if I choose this option and my partner does not.,,0,0,0,0,0,0,0,0,1,1,1,1,4,8,8,0,4,2,5ecaa03045d07e0767b5d61e,19,Male,Yes,Yes
43990.83061,43990.833,IP Address,100,205,TRUE,43990.833,R_WCbWcy1e01j8mSR,anonymous,EN,Yes,Yes,Yes,Yes,Yes,5ecaa5ea543cc15fce6f094c,£0.50 ,,0,I might get £0.55 but I might also get £0.00.,,0,0,0,0,0,0,0,0,0,0,0,0,0,0,12,0,£0.50 ,,0,I get £0.55 if my partner also chooses Option B. But I will get £0.00 if I choose this option and my partner does not.,,0,0,0,0,0,0,0,1,1,1,1,1,5,7,7,0,5,1,5ecaa5ea543cc15fce6f094c,18,Male,Yes,Yes
43990.54723,43990.55104,IP Address,100,328,TRUE,43990.55104,R_9Bwswa0O8F5hCBX,anonymous,EN,Yes,Yes,Yes,Yes,Yes,5ecaff2c287a860eda73a472,£0.50 ,,0,I might get £0.55 but I might also get £0.00.,,0,1,1,1,1,1,1,1,1,1,1,1,11,1,1,0,£0.50 ,,0,I get £0.55 if my partner also chooses Option B. But I will get £0.00 if I choose this option and my partner does not.,,0,0,0,1,1,1,1,1,1,1,1,1,9,3,3,0,4,4,5ecaff2c287a860eda73a472,42,Male,Yes,Yes
43990.59042,43990.5938,IP Address,100,292,TRUE,43990.59381,R_2U5epii1uCnWgmh,anonymous,EN,Yes,Yes,Yes,Yes,Yes,5ecb1505f9688367eddcc652,£0.50 ,,0,I might get £0.55 but I might also get £0.00.,,0,0,0,0,0,0,0,0,0,1,1,1,3,9,9,0,£0.50 ,,0,I get £0.55 if my partner also chooses Option B. But I will get £0.00 if I choose this option and my partner does not.,,0,0,0,1,1,1,1,1,1,1,1,1,9,3,3,0,3,4,5ecb1505f9688367eddcc652,23,Female,Yes,Yes
43990.56771,43990.57037,IP Address,100,230,TRUE,43990.57038,R_2f8m32FZRosCiCR,anonymous,EN,Yes,Yes,Yes,Yes,Yes,5ecb6cfa8288e96dbf893e4c,£0.50 ,,0,I might get £0.55 but I might also get £0.00.,,0,0,1,1,1,1,1,1,1,1,1,1,10,2,2,0,£0.50 ,,0,I get £0.55 if my partner also chooses Option B. But I will get £0.00 if I choose this option and my partner does not.,,0,0,0,0,0,0,1,1,1,1,1,1,6,6,6,0,3,1,5ecb6cfa8288e96dbf893e4c,21,Male,Yes,Yes
43990.56385,43990.56628,IP Address,100,209,TRUE,43990.56629,R_3G2kzOQysymdwje,anonymous,EN,Yes,Yes,Yes,Yes,Yes,5ecb9a6d300ac3000a52cd01,£0.50 ,,0,I might get £0.55 but I might also get £0.00.,,0,0,0,0,0,0,0,0,0,1,1,1,3,9,9,0,£0.50 ,,0,I get £0.55 if my partner also chooses Option B. But I will get £0.00 if I choose this option and my partner does not.,,0,0,0,0,0,0,0,0,1,1,1,1,4,8,8,0,5,1,5ecb9a6d300ac3000a52cd01,32,Female,Yes,Yes
43990.54332,43990.54777,IP Address,100,383,TRUE,43990.54777,R_2e9YSs1k8FtoMpa,anonymous,EN,Yes,Yes,Yes,Yes,Yes,5ecbb2a6097bf402b3fa4c83,£0.50 ,,0,I might get £0.55 but I might also get £0.00.,,0,1,1,1,1,1,1,1,1,1,1,1,11,1,1,0,£0.50 ,,0,I get £0.55 if my partner also chooses Option B. But I will get £0.00 if I choose this option and my partner does not.,,0,1,1,1,1,1,1,1,1,1,1,1,11,1,1,0,5,1,5ecbb2a6097bf402b3fa4c83,30,Male,No,No
43991.44679,43991.45013,IP Address,100,288,TRUE,43991.45014,R_2bQq9ojGh6q1T0T,anonymous,EN,Yes,Yes,Yes,Yes,Yes,5ecbc94783cd0a3963a39de7,£0.50 ,,0,I might get £0.55 but I might also get £0.00.,,0,0,0,0,0,0,1,0,1,0,1,0,3,6,9,1,£0.50 ,,0,I get £0.55 if my partner also chooses Option B. But I will get £0.00 if I choose this option and my partner does not.,,0,0,1,1,1,1,1,1,1,1,1,1,10,2,2,0,3,3,5ecbc94783cd0a3963a39de7,18,Male,Yes,Yes
43990.54851,43990.55145,IP Address,100,254,TRUE,43990.55146,R_3MR4gTmLJwHBCQd,anonymous,EN,Yes,Yes,Yes,Yes,Yes,5ecbeadec03cd80850186310,£0.50 ,,0,I might get £0.55 but I might also get £0.00.,,0,0,0,0,0,0,0,0,0,0,0,0,0,0,12,0,£0.50 ,,0,I get £0.55 if my partner also chooses Option B. But I will get £0.00 if I choose this option and my partner does not.,,0,0,0,0,0,1,1,1,1,1,1,1,7,5,5,0,4,1,5ecbeadec03cd80850186310,31,Female,Yes,Yes
43990.5476,43990.55962,IP Address,100,1038,TRUE,43990.55963,R_21oEsnTC2VyoBSd,anonymous,EN,Yes,Yes,Yes,Yes,Yes,5ecc2dc1d911c543ce5d7985,£0.50 ,,0,I might get £0.55 but I might also get £0.00.,,0,0,0,0,0,1,1,1,1,1,1,1,7,5,5,0,£0.50 ,,0,I get £0.55 if my partner also chooses Option B. But I will get £0.00 if I choose this option and my partner does not.,,0,0,0,0,0,0,0,0,0,1,1,1,3,9,9,0,4,1,5ecc2dc1d911c543ce5d7985,24,Male,Yes,Yes
43990.54316,43990.54574,IP Address,100,222,TRUE,43990.54575,R_2TY0C59e0hWs6NF,anonymous,EN,Yes,Yes,Yes,Yes,Yes,5ecc59a85fa66783858284eb,£0.50 ,,0,I might get £0.55 but I might also get £0.00.,,0,0,0,0,0,0,1,1,1,1,1,1,6,6,6,0,£0.50 ,,0,I get £0.55 if my partner also chooses Option B. But I will get £0.00 if I choose this option and my partner does not.,,0,0,0,0,0,0,1,1,1,1,1,1,6,6,6,0,5,1,5ecc59a85fa66783858284eb,25,Female,Yes,Yes
43990.54887,43990.55192,IP Address,100,264,TRUE,43990.55193,R_DUILiS7opMmdyQp,anonymous,EN,Yes,Yes,Yes,Yes,Yes,5ecc71c95c92c2000a9e9a19,£0.50 ,,0,I might get £0.55 but I might also get £0.00.,,0,0,0,0,0,1,1,1,1,1,1,1,7,5,5,0,£0.50 ,,0,I get £0.55 if my partner also chooses Option B. But I will get £0.00 if I choose this option and my partner does not.,,0,0,0,0,0,0,0,1,1,1,1,1,5,7,7,0,4,1,5ecc71c95c92c2000a9e9a19,26,Female,Yes,Yes
43990.57252,43990.57832,IP Address,100,501,TRUE,43990.57833,R_29nrB4hBupIhOKm,anonymous,EN,Yes,Yes,Yes,Yes,Yes,5ecd29adfff54e04e406d68f,£0.50 ,,0,I might get £0.55 but I might also get £0.00.,,0,0,0,0,0,1,1,1,1,1,1,1,7,5,5,0,£0.50 ,,0,I get £0.55 if my partner also chooses Option B. But I will get £0.00 if I choose this option and my partner does not.,,0,0,0,0,0,0,0,1,1,1,1,1,5,7,7,0,4,2,5ecd29adfff54e04e406d68f,35,Male,Yes,Yes
43990.62422,43990.6276,IP Address,100,291,TRUE,43990.62761,R_2dy8AP6mPkH2Gnh,anonymous,EN,Yes,Yes,Yes,Yes,Yes,5ecd31dcbdda3004f3d8cdbe,£0.50 ,,0,I might get £0.55 but I might also get £0.00.,,0,0,0,0,0,0,1,1,1,1,1,1,6,6,6,0,£0.50 ,,0,I get £0.55 if my partner also chooses Option B. But I will get £0.00 if I choose this option and my partner does not.,,0,0,0,0,0,0,0,0,1,1,1,1,4,8,8,0,5,1,5ecd31dcbdda3004f3d8cdbe,22,Male,Yes,Yes
43990.54528,43990.54928,IP Address,100,346,TRUE,43990.54929,R_1mpYBOEJsWMHD69,anonymous,EN,Yes,Yes,Yes,Yes,Yes,5ecd611642c5000ab0867d8c,£0.50 ,,0,I might get £0.55 but I might also get £0.00.,,0,0,0,0,0,0,0,0,0,0,0,0,0,0,12,0,£0.50 ,,0,I get £0.55 if my partner also chooses Option B. But I will get £0.00 if I choose this option and my partner does not.,,0,0,0,0,0,0,0,0,0,0,0,0,0,0,12,0,5,4,5ecd611642c5000ab0867d8c,18,Female,Yes,Yes
43990.55271,43990.55661,IP Address,100,337,TRUE,43990.55662,R_3kzwLioMDqLS0H1,anonymous,EN,Yes,Yes,Yes,Yes,Yes,5ecd6a6b807bc30b80750ead,£0.50 ,,0,I might get £0.55 but I might also get £0.00.,,0,0,1,1,1,1,0,1,1,0,0,0,6,2,6,1,£0.50 ,,0,I get £0.55 if my partner also chooses Option B. But I will get £0.00 if I choose this option and my partner does not.,,0,0,0,0,0,0,0,0,0,0,0,0,0,0,12,0,5,1,5ecd6a6b807bc30b80750ead,19,Female,Yes,Yes
43990.56752,43990.5702,IP Address,100,231,TRUE,43990.57021,R_1kZyYpWPyQhWYOR,anonymous,EN,Yes,Yes,Yes,Yes,Yes,5ecd71d76997ec0d9b615fe0,£0.50 ,,0,I might get £0.55 but I might also get £0.20.,I might get £0.55 but I might also get £0.00.,1,0,1,0,0,0,0,1,1,1,1,1,6,2,6,1,£0.25 ,£0.50 ,1,I get £0.55 if my partner also chooses Option B. But I will get £0.00 if I choose this option and my partner does not.,,0,0,0,1,1,1,1,1,1,1,1,1,9,3,3,0,3,2,5ecd71d76997ec0d9b615fe0,18,Male,Yes,Yes
43990.711,43990.7152,IP Address,100,363,TRUE,43990.71521,R_1DURwCpK2JXitBQ,anonymous,EN,Yes,Yes,Yes,Yes,Yes,5ecd8b7d721df60fec1639e7,£0.50 ,,0,I might get £0.55 but I might also get £0.00.,,0,0,0,0,0,0,0,0,0,0,1,1,2,10,10,0,£0.50 ,,0,I get £0.55 if my partner also chooses Option B. But I will get £0.00 if I choose this option and my partner does not.,,0,0,0,0,1,1,1,1,1,1,1,1,8,4,4,0,3,1,5ecd8b7d721df60fec1639e7,30,Female,Yes,No
43990.54508,43990.54867,IP Address,100,310,TRUE,43990.54868,R_WfkpaKklY0gHCI9,anonymous,EN,Yes,Yes,Yes,Yes,Yes,5ece064a75736a193990951a,£0.50 ,,0,I might get £0.55 but I might also get £0.00.,,0,0,0,0,0,0,0,0,0,1,1,1,3,9,9,0,£0.50 ,,0,I get £0.55 if my partner also chooses Option B. But I will get £0.00 if I choose this option and my partner does not.,,0,0,0,0,0,0,0,0,0,1,1,1,3,9,9,0,4,1,5ece064a75736a193990951a,32,Female,Yes,Yes
43992.22284,43992.22618,IP Address,100,289,TRUE,43992.22619,R_3h61YoMBsuu0CA9,anonymous,EN,Yes,Yes,Yes,Yes,Yes,5ece08540c7d071a0897a531,£0.50 ,,0,I might get £0.55 but I might also get £0.00.,,0,0,0,0,1,1,1,1,1,1,1,1,8,4,4,0,£0.50 ,,0,I get £0.55 if my partner also chooses Option B. But I will get £0.00 if I choose this option and my partner does not.,,0,0,1,1,1,1,1,1,1,1,1,1,10,2,2,0,4,1,5ece08540c7d071a0897a531,18,Male,Yes,Yes
43990.54633,43990.54837,IP Address,100,175,TRUE,43990.54837,R_DkFAMCMEplNl05P,anonymous,EN,Yes,Yes,Yes,Yes,Yes,5ece7b62967c2c248955661b,£0.50 ,,0,I might get £0.55 but I might also get £0.20.,I might get £0.55 but I might also get £0.00.,1,0,0,0,0,0,0,0,0,0,0,0,0,0,12,0,£0.50 ,,0,£0.75 ,£0.75 ,2,0,0,0,0,1,0,1,0,0,0,0,2,5,10,1,3,3,5ece7b62967c2c248955661b,20,Male,Yes,Yes
43990.60391,43990.60791,IP Address,100,344,TRUE,43990.60791,R_334ufHmLsQoF1Pg,anonymous,EN,Yes,Yes,Yes,Yes,Yes,5ece94c19af1520b99efbc0e,£0.50 ,,0,I might get £0.55 but I might also get £0.00.,,0,0,0,0,0,0,0,0,0,0,0,0,0,0,12,0,£0.50 ,,0,I get £0.55 if my partner also chooses Option B. But I will get £0.00 if I choose this option and my partner does not.,,0,0,1,1,1,1,1,1,1,1,1,1,10,2,2,0,3,2,5ece94c19af1520b99efbc0e,24,Male,Yes,Yes
43992.6678,43992.67128,IP Address,100,301,TRUE,43992.6713,R_3NXxlHpAvw9QqcP,anonymous,EN,Yes,Yes,Yes,Yes,Yes,5ecec03ecb55fc2c16e1f277,£0.50 ,,0,I might get £0.55 but I might also get £0.00.,,0,0,0,0,0,1,1,1,1,1,1,1,7,5,5,0,£0.50 ,,0,I get £0.55 if my partner also chooses Option B. But I will get £0.00 if I choose this option and my partner does not.,,0,0,1,1,1,1,1,1,1,1,1,1,10,2,2,0,2,2,5ecec03ecb55fc2c16e1f277,20,Female,Yes,Yes
43990.58133,43990.58397,IP Address,100,227,TRUE,43990.58398,R_2zClc6c5POFsjUz,anonymous,EN,Yes,Yes,Yes,Yes,Yes,5ecff64588ee5109b14c0a2a,£0.50 ,,0,I might get £0.55 but I might also get £0.00.,,0,0,0,0,0,0,0,0,0,0,0,0,0,0,12,0,£0.50 ,,0,I get £0.55 if my partner also chooses Option B. But I will get £0.00 if I choose this option and my partner does not.,,0,0,0,0,0,0,0,0,0,1,1,3,5,9,9,0,4,1,5ecff64588ee5109b14c0a2a,20,Male,Yes,Yes
43990.62704,43990.6312,IP Address,100,359,TRUE,43990.63121,R_0eMwl5oeMXqpvDb,anonymous,EN,Yes,Yes,Yes,Yes,Yes,5ed01be03dac750e1ad0a2ea,£0.50 ,,0,I might get £0.55 but I might also get £0.00.,,0,0,0,0,0,0,0,0,0,0,0,0,0,0,12,0,£0.50 ,,0,I get £0.55 if my partner also chooses Option B. But I will get £0.00 if I choose this option and my partner does not.,,0,0,0,0,0,1,1,1,1,1,1,1,7,5,5,0,4,1,5ed01be03dac750e1ad0a2ea,19,Male,Yes,Yes
43990.55258,43990.55515,IP Address,100,222,TRUE,43990.55516,R_2agGtXsLGhFV1uy,anonymous,EN,Yes,Yes,Yes,Yes,Yes,5ed03559e21bdd108c2c8634,£0.50 ,,0,I might get £0.55 but I might also get £0.00.,,0,0,1,0,0,0,1,0,1,1,1,1,6,2,6,1,£0.50 ,,0,I get £0.55 if my partner also chooses Option B. But I will get £0.00 if I choose this option and my partner does not.,,0,0,1,1,1,1,1,1,1,1,1,1,10,2,2,0,3,4,5ed03559e21bdd108c2c8634,19,Male,Yes,Yes
43991.50957,43991.51252,IP Address,100,255,TRUE,43991.51254,R_1n2XzFYYCmjBpVE,anonymous,EN,Yes,Yes,Yes,Yes,Yes,5ed0f3e1efc22a0008c6a9e4,£0.50 ,,0,I might get £0.55 but I might also get £0.00.,,0,0,0,0,0,1,1,1,1,1,1,1,7,5,5,0,£0.50 ,,0,I get £0.55 if my partner also chooses Option B. But I will get £0.00 if I choose this option and my partner does not.,,0,0,0,0,0,0,0,0,1,1,1,1,4,8,8,0,4,1,5ed0f3e1efc22a0008c6a9e4,27,Female,Yes,Yes
43990.86296,43990.86515,IP Address,100,188,TRUE,43990.86516,R_1jJKpLZs1MkX2Ct,anonymous,EN,Yes,Yes,Yes,Yes,Yes,5ed101768af172000a6df9c9,£0.50 ,,0,I might get £0.55 but I might also get £0.00.,,0,0,0,0,0,0,0,0,0,1,1,1,3,9,9,0,£0.50 ,,0,I get £0.55 if my partner also chooses Option B. But I will get £0.00 if I choose this option and my partner does not.,,0,1,1,1,1,1,1,1,1,1,1,1,11,1,1,0,3,5,5ed101768af172000a6df9c9,19,Female,No,No
43990.5434,43990.54979,IP Address,100,552,TRUE,43990.54981,R_Z4eJK5y5Neq313H,anonymous,EN,Yes,Yes,Yes,Yes,Yes,5ed11cc957d1ce02aed122d5,£0.50 ,,0,I might get £0.55 but I might also get £0.00.,,0,1,1,1,1,1,1,1,1,1,1,1,11,1,1,0,£0.50 ,,0,I get £0.55 if my partner also chooses Option B. But I will get £0.00 if I choose this option and my partner does not.,,0,0,1,1,1,1,1,1,1,1,1,0,9,2,3,1,5,1,5ed11cc957d1ce02aed122d5,27,Male,Yes,Yes
43990.54282,43990.54755,IP Address,100,407,TRUE,43990.54755,R_20OvzDJdkzy9ayh,anonymous,EN,Yes,Yes,Yes,Yes,Yes,5ed159546f7b8e081c888f01,£0.50 ,,0,I might get £0.55 but I might also get £0.00.,,0,0,0,0,0,0,0,1,1,1,1,1,5,7,7,0,£0.50 ,,0,I get £0.55 if my partner also chooses Option B. But I will get £0.00 if I choose this option and my partner does not.,,0,0,1,1,1,1,1,1,1,1,1,1,10,2,2,0,3,2,5ed159546f7b8e081c888f01,18,Male,Yes,Yes
43990.60878,43990.6105,IP Address,100,147,TRUE,43990.6105,R_2xEMFCsfEApKCtX,anonymous,EN,Yes,Yes,Yes,Yes,Yes,5ed167964c8c810b1597cbba,£0.50 ,,0,I might get £0.55 but I might also get £0.00.,,0,0,0,0,0,0,0,1,0,0,1,1,3,7,9,1,£0.50 ,,0,I get £0.55 if my partner also chooses Option B. But I will get £0.00 if I choose this option and my partner does not.,,0,0,0,0,0,0,0,0,0,0,0,0,0,0,12,0,3,4,5ed167964c8c810b1597cbba,18,Male,Yes,Yes
43990.66697,43990.67197,IP Address,100,431,TRUE,43990.67197,R_2Yc6NryVn2ocRXe,anonymous,EN,Yes,Yes,Yes,Yes,Yes,5ed1702b534bdc0c7d215298,£0.50 ,,0,I might get £0.55 but I might also get £0.00.,,0,0,0,0,0,0,1,1,1,1,1,1,6,6,6,0,£0.50 ,,0,I get £0.55 if my partner also chooses Option B. But I will get £0.00 if I choose this option and my partner does not.,,0,0,1,1,1,1,1,1,1,1,1,1,10,2,2,0,5,1,5ed1702b534bdc0c7d215298,24,Male,Yes,Yes
43991.90148,43991.90704,IP Address,100,480,TRUE,43991.91748,R_2VeFs7upz0fDMJh,anonymous,EN,Yes,Yes,Yes,Yes,Yes,5ed192be5104050f3ce87e2d,£0.50 ,,0,I might get £0.55 but I might also get £0.00.,,0,0,0,0,1,1,0,1,0,0,1,0,4,4,8,1,£0.50 ,,0,I get £0.55 if my partner also chooses Option B. But I will get £0.00 if I choose this option and my partner does not.,,0,0,1,1,1,1,1,1,1,1,1,1,10,2,2,0,4,2,5ed192be5104050f3ce87e2d,24,Male,Yes,Yes
43990.54404,43990.54897,IP Address,100,426,TRUE,43990.54899,R_1r7WKaShrpqBTkV,anonymous,EN,Yes,Yes,Yes,Yes,Yes,5ed21f43d5dbb4173b59c997,£0.50 ,,0,I might get £0.55 but I might also get £0.00.,,0,0,1,1,1,1,1,1,1,1,1,1,10,2,2,0,£0.50 ,,0,I get £0.55 if my partner also chooses Option B. But I will get £0.00 if I choose this option and my partner does not.,,0,0,0,0,1,1,1,1,1,1,1,1,8,4,4,0,5,2,5ed21f43d5dbb4173b59c997,22,Male,Yes,No
43990.94428,43990.94779,IP Address,100,302,TRUE,43990.9478,R_2e3cvQ1DX1oc5CL,anonymous,EN,Yes,Yes,Yes,Yes,Yes,5ed23d8a2bfdc20864b8d725,£0.50 ,,0,I might get £0.55 but I might also get £0.00.,,0,0,0,0,0,0,0,1,0,0,1,1,3,7,9,1,£0.50 ,,0,I get £0.55 if my partner also chooses Option B. But I will get £0.00 if I choose this option and my partner does not.,,0,0,1,1,1,1,1,1,1,1,1,1,10,2,2,0,5,5,5ed23d8a2bfdc20864b8d725,27,Male,Yes,Yes
43990.66873,43990.67199,IP Address,100,282,TRUE,43990.672,R_2Qgojg6atUqNETP,anonymous,EN,Yes,Yes,Yes,Yes,Yes,5ed2882318f6bd1f82693c46,£0.50 ,,0,I might get £0.55 but I might also get £0.00.,,0,0,0,0,0,0,0,0,0,1,1,1,3,9,9,0,£0.50 ,,0,I get £0.55 if my partner also chooses Option B. But I will get £0.00 if I choose this option and my partner does not.,,0,0,0,0,0,0,1,1,1,1,1,1,6,6,6,0,4,2,5ed2882318f6bd1f82693c46,27,Female,Yes,Yes
43990.55885,43990.56346,IP Address,100,397,TRUE,43990.56347,R_2WOqVKfurnpu4gK,anonymous,EN,Yes,Yes,Yes,Yes,Yes,5ed2a7fd98e33f1080e3fb79,£0.50 ,,0,I might get £0.55 but I might also get £0.00.,,0,0,0,0,0,0,0,0,0,0,0,0,0,0,12,0,£0.50 ,,0,I get £0.55 if my partner also chooses Option B. But I will get £0.00 if I choose this option and my partner does not.,,0,0,0,0,0,0,0,0,0,0,0,0,0,0,12,0,3,1,5ed2a7fd98e33f1080e3fb79,22,Female,Yes,Yes
43990.67387,43990.67884,IP Address,100,430,TRUE,43990.67886,R_1CK3pLTAPnkbjxW,anonymous,EN,Yes,Yes,Yes,Yes,Yes,5ed307fdb265ab1797983f68,£0.50 ,,0,I might get £0.55 but I might also get £0.00.,,0,0,0,0,0,0,0,0,0,0,0,0,0,0,12,0,£0.50 ,,0,I get £0.55 if my partner also chooses Option B. But I will get £0.00 if I choose this option and my partner does not.,,0,0,0,0,0,0,0,0,1,1,1,1,4,8,8,0,4,4,5ed307fdb265ab1797983f68,25,Female,No,Yes
43990.54444,43990.5474,IP Address,100,255,TRUE,43990.54741,R_AMYVwP8DZlcNsjf,anonymous,EN,Yes,Yes,Yes,Yes,Yes,5ed382c66c1eaf000c9aada9,£0.50 ,,0,I might get £0.55 but I might also get £0.00.,,0,0,0,0,0,0,0,0,0,1,0,0,1,9,11,1,£0.50 ,,0,I get £0.55 if my partner also chooses Option B. But I will get £0.00 if I choose this option and my partner does not.,,0,0,0,0,0,0,0,1,1,1,1,1,5,7,7,0,3,3,5ed382c66c1eaf000c9aada9,25,Male,Yes,Yes
43990.54296,43990.54689,IP Address,100,339,TRUE,43990.5469,R_W1czxUElqTAhPIB,anonymous,EN,Yes,Yes,Yes,Yes,Yes,5ed3cfa209c849034e5e5278,£0.50 ,,0,I might get £0.55 but I might also get £0.00.,,0,1,1,1,1,1,1,1,1,1,1,1,11,1,1,0,£0.50 ,,0,I get £0.55 if my partner also chooses Option B. But I will get £0.00 if I choose this option and my partner does not.,,0,1,1,1,1,1,1,1,1,1,1,1,11,1,1,0,3,4,5ed3cfa209c849034e5e5278,26,Male,Yes,Yes
43990.57141,43990.57719,IP Address,100,499,TRUE,43990.5772,R_2ctLToZgg6Ohf8L,anonymous,EN,Yes,Yes,Yes,Yes,Yes,5ed43a28cdb3800009289452,£0.50 ,,0,I might get £0.55 but I might also get £0.00.,,0,0,0,0,0,0,0,0,1,1,1,1,4,8,8,0,£0.50 ,,0,I get £0.55 if my partner also chooses Option B. But I will get £0.00 if I choose this option and my partner does not.,,0,0,0,0,1,1,1,1,1,1,1,1,8,4,4,0,3,1,5ed43a28cdb3800009289452,23,Male,Yes,Yes
43991.56416,43991.56801,IP Address,100,333,TRUE,43991.56802,R_3nNxHS6JUdRi11E,anonymous,EN,Yes,Yes,Yes,Yes,Yes,5ed52bc14ec7cf083e5fc117,£0.50 ,,0,I might get £0.55 but I might also get £0.00.,,0,0,0,0,0,0,0,0,0,1,1,1,3,9,9,0,£0.50 ,,0,I get £0.55 if my partner also chooses Option B. But I will get £0.00 if I choose this option and my partner does not.,,0,0,0,0,0,1,5,1,1,1,1,1,11,5,5,0,3,3,5ed52bc14ec7cf083e5fc117,21,Female,Yes,No
43990.54657,43990.55024,IP Address,100,317,TRUE,43990.55026,R_3ErLZpEYKVtDPbM,anonymous,EN,Yes,Yes,Yes,Yes,Yes,5ed598e96e3f8712fb17d4d9,£0.50 ,,0,I might get £0.55 but I might also get £0.00.,,0,0,0,0,0,0,1,1,1,1,1,1,6,6,6,0,£0.50 ,,0,I get £0.55 if my partner also chooses Option B. But I will get £0.00 if I choose this option and my partner does not.,,0,0,0,0,1,1,1,1,1,1,1,1,8,4,4,0,4,2,5ed598e96e3f8712fb17d4d9,27,Male,Yes,Yes
43990.54752,43990.55087,IP Address,100,288,TRUE,43990.55088,R_BEZUNOc5DIMUvF7,anonymous,EN,Yes,Yes,Yes,Yes,Yes,5ed61268acd3f60009eab832,£0.50 ,,0,I might get £0.55 but I might also get £0.00.,,0,1,1,1,1,1,1,1,1,1,1,1,11,1,1,0,£0.50 ,,0,I get £0.55 if my partner also chooses Option B. But I will get £0.00 if I choose this option and my partner does not.,,0,0,1,1,1,1,1,1,1,1,1,1,10,2,2,0,5,1,5ed61268acd3f60009eab832,26,Male,No,No
43990.57435,43990.5764,IP Address,100,177,TRUE,43990.57641,R_2B3tiWsT85Xh1uJ,anonymous,EN,Yes,Yes,Yes,Yes,Yes,5ed61f268f11530122d85d03,£0.50 ,,0,I might get £0.55 but I might also get £0.00.,,0,1,1,1,1,1,1,1,1,1,1,1,11,1,1,0,£0.50 ,,0,I get £0.55 if my partner also chooses Option B. But I will get £0.00 if I choose this option and my partner does not.,,0,0,0,0,0,0,0,0,1,1,1,1,4,8,8,0,2,1,5ed61f268f11530122d85d03,24,Male,Yes,Yes
43991.00122,43991.004,IP Address,100,240,TRUE,43991.00401,R_3Ra7REii2YdfCmw,anonymous,EN,Yes,Yes,Yes,Yes,Yes,5ed63aeefca2cc03bdcaecc8,£0.50 ,,0,I might get £0.55 but I might also get £0.00.,,0,0,0,0,0,0,0,0,0,1,1,1,3,9,9,0,£0.50 ,,0,I get £0.55 if my partner also chooses Option B. But I will get £0.00 if I choose this option and my partner does not.,,0,0,0,0,0,0,0,0,0,0,1,1,2,10,10,0,3,5,5ed63aeefca2cc03bdcaecc8,32,Female,Yes,Yes
43990.54294,43990.54662,IP Address,100,318,TRUE,43990.54663,R_2eQBhDFzxcxBEaf,anonymous,EN,Yes,Yes,Yes,Yes,Yes,5ed6e7e219fa7f15e7a5937a,£0.50 ,,0,I might get £0.55 but I might also get £0.00.,,0,0,0,0,1,1,1,1,1,1,1,1,8,4,4,0,£0.50 ,,0,I get £0.55 if my partner also chooses Option B. But I will get £0.00 if I choose this option and my partner does not.,,0,0,0,0,0,0,0,0,0,1,1,1,3,9,9,0,4,1,5ed6e7e219fa7f15e7a5937a,32,Male,Yes,No
43990.54759,43990.54958,IP Address,100,172,TRUE,43990.5496,R_2fizSKs17zvL6CQ,anonymous,EN,Yes,Yes,Yes,Yes,Yes,5ed74a949cd3ee1c3ce46c79,£0.50 ,,0,I might get £0.55 but I might also get £0.00.,,0,0,0,0,0,0,0,1,1,1,1,1,5,7,7,0,£0.50 ,,0,I get £0.55 if my partner also chooses Option B. But I will get £0.00 if I choose this option and my partner does not.,,0,0,0,0,0,0,0,0,0,0,0,0,0,0,12,0,2,1,5ed74a949cd3ee1c3ce46c79,36,Male,Yes,Yes
43990.54495,43990.54829,IP Address,100,288,TRUE,43990.5483,R_3HvT5hZtHhvBg4r,anonymous,EN,Yes,Yes,Yes,Yes,Yes,5ed768034ea9bd1e2ad7ea91,£0.50 ,,0,I might get £0.55 but I might also get £0.00.,,0,0,0,0,0,0,0,0,0,0,0,0,0,0,12,0,£0.50 ,,0,I get £0.55 if my partner also chooses Option B. But I will get £0.00 if I choose this option and my partner does not.,,0,0,0,0,0,0,0,0,0,0,0,1,1,11,11,0,5,1,5ed768034ea9bd1e2ad7ea91,23,Female,Yes,No
43990.5473,43990.54931,IP Address,100,172,TRUE,43990.54931,R_3nDASggtNJeGMiR,anonymous,EN,Yes,Yes,Yes,Yes,Yes,5ed77f0ef8efa803b4086a89,£0.50 ,,0,I might get £0.55 but I might also get £0.00.,,0,0,0,0,0,0,0,0,0,1,1,1,3,9,9,0,£0.50 ,,0,I get £0.55 if my partner also chooses Option B. But I will get £0.00 if I choose this option and my partner does not.,,0,0,0,0,0,0,0,0,0,0,0,1,1,11,11,0,5,2,5ed77f0ef8efa803b4086a89,18,Male,Yes,Yes
43990.69051,43990.69281,IP Address,100,199,TRUE,43990.69282,R_26gsHpvlVGQ9ULu,anonymous,EN,Yes,Yes,Yes,Yes,Yes,5ed7813cf350d703c81444a4,£0.50 ,,0,I might get £0.55 but I might also get £0.00.,,0,0,0,0,0,0,0,0,0,0,0,0,0,0,12,0,£0.50 ,,0,I get £0.55 if my partner also chooses Option B. But I will get £0.00 if I choose this option and my partner does not.,,0,0,0,0,0,1,0,1,1,1,1,1,6,5,6,1,3,1,5ed7813cf350d703c81444a4,21,Female,Yes,No
43990.55071,43990.55253,IP Address,100,158,TRUE,43990.55255,R_11irICNwymJ8vpn,anonymous,EN,Yes,Yes,Yes,Yes,Yes,5ed7ce7eb2a4d62878348a6c,£0.50 ,,0,I might get £0.55 but I might also get £0.00.,,0,0,0,0,0,0,1,1,1,1,1,1,6,6,6,0,£0.50 ,,0,I get £0.55 if my partner also chooses Option B. But I will get £0.00 if I choose this option and my partner does not.,,0,1,1,1,1,1,1,1,1,1,1,1,11,1,1,0,5,5,5ed7ce7eb2a4d62878348a6c,23,Female,Yes,Yes
43991.62133,43991.6236,IP Address,100,196,TRUE,43991.62361,R_6fAJF8ORDdVz8tP,anonymous,EN,Yes,Yes,Yes,Yes,Yes,5ed7fc361b120911e3edebad,£0.50 ,,0,I might get £0.55 but I might also get £0.00.,,0,1,1,1,1,1,1,1,1,1,1,1,11,1,1,0,£0.50 ,,0,I get £0.55 if my partner also chooses Option B. But I will get £0.00 if I choose this option and my partner does not.,,0,0,0,0,0,0,0,0,1,1,1,1,4,8,8,0,4,4,5ed7fc361b120911e3edebad,23,Prefer not to say,Yes,Yes
43990.56352,43990.56843,IP Address,100,424,TRUE,43990.56844,R_2TSkyXazMRvgUmy,anonymous,EN,Yes,Yes,Yes,Yes,Yes,5ed80197e7cb0a12f7773770,£0.50 ,,0,I might get £0.55 but I might also get £0.00.,,0,0,0,0,1,0,0,1,1,1,1,1,6,4,6,1,£0.50 ,,0,I get £0.55 if my partner also chooses Option B. But I will get £0.00 if I choose this option and my partner does not.,,0,0,0,1,1,1,1,1,1,1,1,1,9,3,3,0,3,3,5ed80197e7cb0a12f7773770,34,Male,Yes,Yes
43990.56464,43990.56731,IP Address,100,230,TRUE,43990.56733,R_1OoC8qx8y4ZyRYf,anonymous,EN,Yes,Yes,Yes,Yes,Yes,5ed8196471c07b1580b38951,£0.50 ,,0,I might get £0.55 but I might also get £0.00.,,0,0,0,0,0,1,1,1,1,1,1,1,7,5,5,0,£0.50 ,,0,I get £0.55 if my partner also chooses Option B. But I will get £0.00 if I choose this option and my partner does not.,,0,0,0,0,0,0,0,0,0,0,0,0,0,0,12,0,4,2,5ed8196471c07b1580b38951,20,Female,Yes,Yes
43990.66598,43990.66949,IP Address,100,302,TRUE,43990.6695,R_1CvgVkDeZmYZbJI,anonymous,EN,Yes,Yes,Yes,Yes,Yes,5ed82c01115bb43472b862fc,£0.50 ,,0,I might get £0.55 but I might also get £0.00.,,0,0,0,0,0,0,0,0,0,0,0,0,0,0,12,0,£0.50 ,,0,I get £0.55 if my partner also chooses Option B. But I will get £0.00 if I choose this option and my partner does not.,,0,1,1,1,1,1,1,1,1,1,1,1,11,1,1,0,4,1,5ed82c01115bb43472b862fc,22,Male,Yes,Yes
43990.56101,43990.56394,IP Address,100,252,TRUE,43990.56394,R_2UgvOszcEmLyMLa,anonymous,EN,Yes,Yes,Yes,Yes,Yes,5ed86b25d8560f19b0cc8164,£0.50 ,,0,I might get £0.55 but I might also get £0.00.,,0,0,0,0,0,0,0,0,1,1,1,1,4,8,8,0,£0.50 ,,0,I get £0.55 if my partner also chooses Option B. But I will get £0.00 if I choose this option and my partner does not.,,0,1,1,1,1,1,1,1,1,1,1,1,11,1,1,0,4,2,5ed86b25d8560f19b0cc8164,35,Non-binary,Yes,Yes